高h漫画	0	1	1	65535	140	0	11	2	10	0	43	0	77	
高h漫画	0	1	1	65535	140	0	11	1	7	0	43	0	77	
情趣用品	0	1	1	65535	200	0	11	11	0	1	0	0	1998	
母子乱伦	0	0	1	65535	144	0	11	9	0	1	0	2	764	
人体超大胆图片	0	0	1	65535	141	0	11	0	0	1	0	0	1233	
做爱潮吹	0	0	1	65535	144	0	11	0	0	1	0	0	1696	
亚洲乱妇16p图片	0	0	1	65535	65535	0	11	1	0	1	0	1	1590	
老江与小宋的儿子	0	0	0	65535	111	0	1	0	0	0	1	0	1998	
偷拍激情性爱图片	0	0	1	65535	144	0	11	0	2	0	37	2	1997	
范冰冰被	0	0	1	65535	150	0	1	1	0	1	0	0	1998	
akb48裸照	0	0	1	65535	140	0	11	0	0	1	0	1	1986	
剩余公主男主角	0	1	0	65535	65535	0	9	0	4	0	8	0	1986	
动漫美女被	0	1	1	65535	51	0	11	7	0	1	0	0	1997	
少女的诱惑	0	0	1	65535	201	0	11	5	0	1	0	0	1996	
美女脱衣	0	0	1	65535	140	0	11	5	0	1	0	1	1988	
兰州女交警淫秽图片	0	0	1	65535	144	0	0	0	0	0	0	0	1990	
dnf地狱邪魔	0	0	0	65535	60	0	0	0	1	0	13	0	798	
裸体少女图片	0	0	1	65535	141	0	11	0	0	1	0	1	1984	
女优	0	0	1	65535	201	0	7	3	0	1	0	0	1993	
苍井空床上的照片	0	0	1	65535	143	0	11	0	0	1	0	1	1986	
谋杀前妻娶女主播	0	1	0	65535	65535	0	11	0	4	0	4	0	1993	
杨澜全裸照凹凸点	0	0	0	65535	140	0	0	0	0	0	0	0	19	
漏鸟吧	0	0	1	65535	80	0	3	0	0	0	90	0	651	
女	0	0	1	65535	65535	0	11	6	0	1	0	0	970	
郭美美人体艺术	0	0	1	65535	142	0	11	0	0	1	0	0	464	
前列腺按摩	0	1	1	65535	130	0	11	7	0	1	0	0	1977	
林心如三级	0	0	1	65535	200	0	11	3	0	1	0	4	1988	
苍井空本人开b图片	0	0	1	65535	143	0	0	0	0	0	2	2	1993	
脱衣舞	0	0	1	65535	113	0	11	8	0	1	0	1	1975	
少妇	0	0	1	65535	201	0	11	11	0	1	0	3	1993	
思春期少女	0	1	1	65535	51	0	11	7	0	1	0	0	1971	
大胆人体	0	0	1	65535	141	0	11	10	0	1	0	5	1999	
思春期少女	0	1	1	65535	51	0	11	7	0	1	0	0	1951	
动漫美少女被虐视频	0	0	1	65535	50	0	11	2	0	1	0	0	1979	
蔡依林全裸人体艺术	0	0	1	65535	142	0	3	0	0	0	0	0	988	
中国美女露出奶驼动态图	0	0	1	65535	201	0	0	0	0	0	0	0	1991	
tfboys粉丝俱乐部图集	0	0	0	65535	270	0	10	0	0	0	0	0	1788	
操逼图	0	0	1	65535	144	0	11	11	0	1	0	4	622	
cf青钢图片	0	1	0	65535	60	0	10	1	7	0	18	0	99	
多多在上学图片	0	0	0	65535	65535	0	0	0	0	0	0	0	1952	
顺产分娩手术过程图	0	0	0	65535	130	0	1	0	2	0	16	0	1990	
张馨予被删除床戏	0	0	0	65535	140	0	0	0	0	0	0	0	1995	
人与马真干高清图片图	0	0	1	65535	65535	0	0	0	0	0	0	0	1	
车库水篦子安装图片	0	0	0	65535	65535	0	0	0	5	0	5	0	236	
捧红郑伊健的女星	0	0	0	65535	40	0	0	0	0	0	0	0	293	
重庆女主播管碧玲	0	0	0	65535	65535	0	8	0	0	0	0	0	125	
午夜激情 图片	0	1	1	65535	70	0	11	1	11	0	1294	0	1988	
操女女	0	0	1	65535	144	0	7	0	1	0	20	0	1485	
帅哥浴室露大鸟	0	0	1	65535	200	0	11	1	1	0	23	0	928	
碌闹掷嗤	0	0	1	65535	65535	0	11	1	0	1	0	1	1051	
上海谷歌地图定位图	0	0	0	65535	211	0	2	0	0	0	1	0	1989	
女人快感图片	0	0	1	65535	201	0	11	0	0	1	0	0	1991	
美女裸胸图片	0	0	1	65535	201	0	11	6	0	1	0	0	1972	
母狗的阴图片	0	0	1	65535	65535	0	9	0	0	1	0	1	1995	
报到证回原籍怎么报到	0	0	0	65535	65535	0	0	0	4	0	8	0	974	
女人快感图片	0	0	1	65535	201	0	11	0	0	1	0	0	1970	
丝袜美腿图	0	0	1	65535	141	0	11	5	0	1	0	0	1996	
多大的女人最骚	0	0	0	65535	201	0	1	0	0	0	0	1	1997	
美少女死奸	0	0	1	65535	144	0	11	4	0	1	0	0	1967	
日本动漫黄漫	0	0	1	65535	52	0	11	5	0	1	0	0	161	
刘嘉亮和老婆结婚照	0	0	0	65535	200	0	6	0	0	0	1	0	343	
日本女优	0	1	1	65535	201	0	9	8	0	1	0	0	1990	
榆林黑社会霍小海	0	1	0	65535	65535	0	3	1	4	0	4	0	41	
高中生暑假偷吃禁果	0	1	0	65535	60	0	11	1	5	0	9	1	566	
人兽交配	0	1	1	65535	144	0	11	9	0	1	0	0	1547	
女人自慰	0	1	1	65535	144	0	11	11	0	1	0	1	1997	
美女艺术照让人口水流	0	0	1	65535	201	0	5	0	0	0	0	0	158	
白洁老师与高义校长	0	0	1	65535	65535	0	11	1	0	1	0	0	224	
美女性感内衣服	0	0	1	65535	191	0	0	0	1	0	10	0	1996	
真爱之百万新娘吻床戏	0	0	0	65535	140	0	0	0	0	0	0	0	1988	
插进图	0	0	1	65535	65535	0	11	3	0	1	0	2	1991	
欧洲女人的下部清楚图	0	0	1	65535	201	0	1	0	0	0	0	0	1996	
男性高超潮相片图	0	0	0	65535	65535	0	11	1	2	0	4	3	1035	
色尼玛综合图片2014	0	0	0	65535	65535	0	3	0	0	0	0	0	1998	
杨丞琳近期短发	0	0	0	65535	192	0	3	0	0	0	10	0	1995	
情趣内衣	0	1	1	65535	191	0	11	11	0	1	0	0	1986	
美女同性恋	0	0	1	65535	260	0	11	9	0	1	0	3	1992	
iosqq表情包	0	0	0	65535	10	0	0	0	0	0	1	0	1992	
男人生殖器有痣	0	0	1	65535	141	0	4	0	3	0	14	0	475	
快乐大本营李易峰发型	0	0	0	65535	192	0	6	0	2	0	6	0	1693	
丝袜教师	0	1	1	65535	65535	0	11	11	0	1	0	1	1983	
淫少女	0	0	1	65535	65535	0	11	0	0	1	0	1	1994	
男男缠绵入骨图片	0	1	1	65535	65535	0	11	10	0	1	0	0	1990	
黄胜楠牵手男生照片	0	0	0	65535	65535	0	11	2	0	0	0	0	76	
齐天大性之大闹女国	0	0	0	65535	65535	0	7	0	0	0	0	0	91	
狡啮慎也x岛圣护	0	0	1	65535	130	0	11	0	0	1	0	0	492	
无码的av女优	0	0	1	65535	143	0	11	0	0	1	0	4	295	
丝袜少妇诱惑	0	0	1	65535	201	0	11	5	0	1	0	0	1994	
沙发上干小萝莉	0	1	1	65535	180	0	11	0	7	0	7	0	824	
五月天丁香	0	0	1	65535	150	0	11	2	0	1	0	1	1544	
女生在床上亲热图片	0	0	1	65535	201	0	0	0	1	0	9	1	1987	
成人漫画 图	0	0	1	65535	140	0	11	4	0	1	0	0	1993	
日本女教室勾引男学生图	0	1	0	65535	20	0	0	0	7	0	12	0	1857	
gta5攻打军事基地图片	0	0	0	65535	20	0	0	0	0	0	0	0	1095	
日本gv图解	0	0	1	65535	240	0	5	0	11	0	997	1	1966	
手机轨迹相机	0	0	0	65535	211	0	0	0	1	0	6	0	1984	
亚洲色图片大全	0	0	1	65535	140	0	11	6	0	1	0	3	1995	
阴经插入阴道的过程	0	0	1	65535	141	0	11	2	0	1	0	2	1994	
15岁的少女胸罩	0	1	1	65535	65535	0	11	0	4	0	102	1	1984	
美女做全身按摩图片	0	0	1	65535	130	0	5	0	2	0	13	1	1985	
撸射了	0	0	1	65535	65535	0	11	1	0	1	0	0	1195	
外国女人阴道	0	0	1	65535	141	0	11	0	0	1	0	0	1990	
内衣秀无打底露了毛图	0	0	0	65535	65535	0	0	0	0	0	6	1	1996	
操逼逼	0	0	1	65535	144	0	11	3	0	1	0	2	622	
美女被灌醉性侵图片	0	0	1	65535	201	0	7	7	0	1	0	0	1819	
农村少妇	0	0	1	65535	141	0	11	8	0	1	0	0	1995	
掉线后的英雄联盟h	0	1	0	65535	60	0	8	0	7	0	7	0	1976	
喜羊羊拼・图	0	0	0	65535	60	0	11	1	0	0	7	0	1980	
强奸小龙女	0	0	1	65535	144	0	11	0	0	1	0	0	1991	
周永康玩的女人	0	1	0	65535	201	0	8	0	5	0	9	0	1981	
吴世勋清新阳光写真	0	1	0	65535	201	0	3	0	7	0	9	0	1866	
大陆最美女明星	0	1	1	65535	150	0	8	0	11	0	513	0	1995	
妹妹性交图	0	0	1	65535	144	0	11	0	0	1	0	1	1990	
女性阴部图片	0	0	1	65535	141	0	11	10	0	1	0	0	1987	
把胡子一根一根拔出来	0	0	0	65535	65535	0	4	0	0	0	0	0	1995	
iptd640	0	0	0	65535	65535	0	0	0	0	0	8	0	2	
戚薇全身一件不留图片	0	0	0	65535	150	0	1	0	0	0	0	0	248	
女性自卫慰方法48图解	0	0	0	65535	65535	0	9	0	0	0	1	1	2000	
心出血成语看图	0	0	0	65535	130	0	0	0	0	0	0	0	2000	
裸男图片 全身不遮	0	0	1	65535	141	0	11	9	0	1	0	2	1990	
mm人体艺术图片	0	0	1	65535	142	0	11	0	0	1	0	1	1996	
日本白色长筒袜萝莉	0	1	0	50	20	0	10	0	4	0	14	0	1376	
女人流了很多水图图	0	0	1	65535	201	0	9	0	2	0	5	0	211	
周秀娜	0	1	1	65535	150	0	11	8	0	1	0	0	1923	
射逼	0	0	1	65535	65535	0	11	3	0	1	0	0	1981	
小阴唇肥大示意图	0	0	1	65535	141	0	1	0	0	0	1	0	1982	
性感日本风骚美女	0	0	1	65535	144	0	11	0	0	1	0	3	1991	
性感美女图片	0	1	1	65535	201	0	11	10	0	1	0	0	1993	
人体艺术图片图	0	0	1	65535	142	0	9	7	0	1	0	0	1992	
美女高潮表情	0	0	1	65535	10	0	11	7	0	1	0	1	1962	
合肥牛军	0	0	0	65535	20	0	0	0	3	0	13	0	1996	
上床图	0	0	1	65535	65535	0	1	1	0	1	0	0	1981	
美女高潮表情	0	1	1	65535	10	0	11	11	0	1	0	0	1932	
贺红梅的胸部好大图片	0	0	1	65535	141	0	0	0	0	0	0	0	33	
色欧美美女100p乱图	0	0	1	65535	201	0	11	5	0	1	0	0	1991	
日本十八岁女孩胸部照	0	0	1	65535	141	0	0	0	0	0	0	0	1997	
韩国节目提到刘亦菲	0	1	0	65535	150	0	2	0	4	0	4	0	1992	
最新变态另类妓女	0	0	0	65535	140	0	0	0	0	0	0	0	1997	
松岛枫复活	0	0	1	65535	143	0	11	1	0	1	0	0	327	
传播妹佳林	0	0	1	65535	65535	0	0	0	4	0	5	0	155	
人体骨头构造图	0	0	1	65535	141	0	11	0	0	1	0	0	1988	
范冰冰曝光全身照片	0	0	1	65535	200	0	11	4	0	1	0	0	1993	
性交	0	0	1	65535	144	0	11	11	0	1	0	2	1996	
产科医生取景地	0	1	0	65535	130	0	1	0	8	0	12	0	535	
义母色香	0	1	1	65535	52	0	10	2	6	0	11	0	19	
义母色香	0	1	1	65535	52	0	6	2	5	0	11	0	19	
郭美美不雅照疑曝光	0	1	1	65535	140	0	11	10	0	1	0	0	109	
发型十一刀的分区图	0	0	0	65535	192	0	0	0	0	0	0	0	980	
日本伊之情护肤品图片	0	0	0	65535	192	0	0	0	1	0	4	0	1016	
色情偷拍	0	0	1	65535	140	0	11	4	0	1	0	1	1990	
poy裸体图片	0	0	1	65535	141	0	4	0	7	0	60	1	913	
情色	0	0	1	65535	144	0	11	10	0	1	0	2	1998	
性生活	0	1	1	65535	130	0	11	11	0	1	0	1	1986	
少女人体艺术	0	0	1	65535	142	0	11	11	0	1	0	0	1998	
奥特之王小时候的照片	0	0	0	65535	65535	0	1	0	1	0	2	0	1999	
爱丽舍灯光考试图解	0	1	0	65535	65535	0	7	0	8	0	10	0	1981	
母子乱轮	0	0	1	65535	65535	0	11	8	0	1	0	3	750	
魔方口诀与公式加图解	0	0	0	65535	130	0	0	0	0	0	0	0	782	
男人吃女人月经图片	0	1	1	65535	200	0	11	7	0	1	0	0	193	
倩女幽瑰2	0	0	0	65535	70	0	0	0	1	0	6	0	1990	
美味的性 爱2	0	0	0	65535	65535	0	9	0	0	0	5	0	1991	
看女人做爱	0	0	1	65535	144	0	11	0	0	1	0	1	1970	
上床了	0	0	1	65535	65535	0	5	3	0	1	0	1	1977	
亵裤	0	1	1	65535	191	0	11	7	0	1	0	0	1993	
内裤男模图片	0	0	1	65535	65535	0	11	6	0	1	0	1	1875	
无遮挡嫘女	0	0	0	65535	65535	0	0	0	0	0	0	0	10	
白培中夫人李彩婷照片	0	0	0	65535	111	0	0	0	5	0	6	0	12	
笑傲江湖孙建宏老婆图	0	0	0	65535	200	0	3	0	2	0	3	0	30	
动漫美女被强吻抓胸	0	0	1	65535	50	0	11	3	0	1	0	0	849	
美丽 性感的图片1	0	0	1	65535	201	0	11	0	0	1	0	0	1994	
fuck	0	1	0	65535	144	0	11	11	0	1	0	0	1522	
亚洲性感诱人家庭主妇图片	0	0	1	65535	201	0	0	0	0	0	0	0	822	
色图片撸撸撸	0	0	1	65535	140	0	11	1	0	1	0	0	1985	
高中校服露胸美女	0	0	1	65535	271	0	0	0	0	0	1	0	1982	
女护士献身捐精图片	0	0	1	65535	65535	0	11	4	0	1	0	0	1985	
钟欣桐的艳照门图片	0	0	1	65535	140	0	11	5	0	1	0	2	1994	
色情美女的大胸	0	0	1	65535	141	0	5	0	3	0	32	0	1986	
性爱	0	0	1	65535	144	0	6	4	0	1	0	1	1964	
www44wawacom	0	0	0	65535	252	0	11	1	1	0	1	0	1999	
宝宝红屁股	0	0	1	65535	130	0	11	0	0	1	0	0	1975	
kk25v1161w	1	1	0	65535	65535	0	11	0	11	0	20	0	23	
腿上出现红色斑点	0	0	0	50	130	0	0	0	0	0	0	0	1038	
古代皇帝玩妃子床戏	0	0	0	65535	140	0	9	0	1	0	1	0	1988	
西西欧美人体私拍	0	0	1	65535	141	0	6	0	0	0	0	1	1994	
欧美老熟女性爱图片	0	0	1	65535	144	0	1	0	1	0	1	0	67	
杨贵妃卡通画	0	1	0	65535	50	0	0	0	6	0	12	0	48	
柳岩的阴道	0	0	1	65535	141	0	11	2	0	1	0	1	464	
董洁王大治激吻门照片	0	0	1	65535	150	0	11	0	0	1	0	0	1502	
江淮汽车火车	0	0	0	65535	171	0	0	0	2	0	11	0	1989	
男人调戏美女电视	0	0	0	65535	130	0	0	0	0	0	0	0	1996	
戚薇裸戏图	0	0	0	65535	150	0	4	0	2	0	4	0	249	
床样式图片2014新图	0	1	0	65535	65535	0	2	0	9	0	9	0	334	
刘伊心美胸衣	0	0	1	65535	141	0	11	0	0	1	0	1	897	
孕妇肚子上面的线	0	0	0	65535	130	0	5	0	0	0	6	2	1995	
三星7l08	0	0	0	65535	65535	0	0	0	0	0	0	0	1935	
lol阿卡利h	0	0	0	65535	31	0	9	0	1	0	14	0	1948	
猛烈插花心图片图	0	0	0	65535	65535	0	1	0	0	0	0	0	1998	
波波	0	0	1	65535	51	0	11	4	0	1	0	0	1991	
美女双手并用配合触角怪做爱	0	0	0	65535	144	0	0	0	0	0	0	0	1989	
吉克隽逸 走光	0	1	1	65535	140	0	11	11	0	1	0	1	1663	
动漫美少女触手	0	1	1	65535	51	0	11	10	0	1	0	0	1993	
动漫美少女触手	0	1	1	65535	51	0	11	8	0	1	0	0	1990	
张柏芝照艳高清全集	0	1	1	65535	140	0	11	11	0	1	0	1	1982	
武则天的自照	0	0	0	65535	70	0	0	0	0	0	0	0	112	
阴毛女性	0	0	1	65535	130	0	11	5	0	1	0	0	1983	
操我	0	0	1	65535	144	0	11	5	0	1	0	0	361	
李二鲜鱼村创始人图片	0	0	0	65535	65535	0	0	0	3	0	14	0	36	
不良少女日记 图	0	1	1	65535	65535	0	0	0	11	0	92	0	170	
soldier game	0	1	0	65535	51	0	3	0	9	0	17	0	433	
动漫女生下身头像	0	0	0	15	10	0	2	0	0	0	0	0	504	
蓝燕被强迫的照片	0	0	1	65535	150	0	11	1	0	1	0	2	266	
演员贺锵	0	0	0	65535	150	0	0	0	0	0	0	0	1994	
色情漫画	0	1	1	65535	140	0	11	11	0	1	0	1	1995	
巨乳肉漫	0	0	1	65535	141	0	0	0	7	0	11	1	1992	
色欲性爱图	0	0	1	65535	144	0	1	0	2	0	8	1	1384	
澡堂搓澡都是裸体	0	0	1	65535	141	0	0	0	0	0	0	1	1977	
处女做爱	0	0	1	65535	144	0	11	8	0	1	0	2	1986	
自治芭比娃娃鞋子图片	0	0	0	65535	65535	0	0	0	0	0	0	0	1998	
漂亮少妇人体艺术	0	1	1	65535	200	0	5	0	7	0	193	0	1971	
无痛人流吸出物图片	0	0	0	65535	130	0	5	0	0	0	0	0	1999	
亚洲成性爱人网站图片图	0	1	0	65535	144	0	11	2	0	1	0	3	1995	
美国美女剪发变帅哥	0	0	1	65535	201	0	0	0	0	0	0	0	1257	
性感黑丝	0	1	1	65535	140	0	11	10	0	1	0	0	1993	
男人诱惑	0	0	1	65535	130	0	11	0	0	1	0	2	1991	
外来媳妇本地郎郭旭老婆	0	1	0	65535	70	0	7	0	7	0	10	0	105	
白妇对战黑人小伙图片	0	0	0	65535	130	0	0	0	8	0	9	1	693	
第四房色播网图片	0	0	1	65535	65535	0	0	0	0	0	0	0	1	
36d大奶	0	0	1	65535	65535	0	11	1	0	1	0	0	185	
外婆让小孙女2陪客漫画	0	0	0	65535	50	0	0	0	0	0	0	0	103	
37tp艺术图片	0	1	1	65535	65535	0	1	0	11	0	88	0	142	
911色sss图片	0	0	1	65535	65535	0	0	0	1	0	2	0	231	
女色	0	1	1	65535	65535	0	11	7	0	1	0	0	1964	
穿黑丝袜的小女孩	0	0	1	65535	140	0	11	0	0	1	0	0	1999	
强奸丝袜	0	0	1	65535	144	0	11	2	0	1	0	1	1993	
电鼓垫24曲谱	0	0	0	65535	111	0	10	3	0	0	0	0	1378	
裸体艺术	0	0	1	65535	141	0	11	11	0	1	0	2	1999	
公交车上无耻一幕	0	0	1	65535	170	0	11	5	0	1	0	1	1985	
轮奸	0	0	1	65535	144	0	4	3	0	1	0	0	1905	
老师上课不带罩图片	0	0	0	65535	65535	0	0	0	0	0	0	0	1992	
内衣美女	0	1	1	65535	191	0	11	11	0	1	0	0	1992	
欢乐谷芭克.闪冰的勺子图片	0	0	0	65535	40	0	0	0	0	0	0	0	1979	
sex8	0	0	1	65535	144	0	11	6	0	1	0	0	1997	
激吻戏吻胸图片	0	0	1	65535	65535	0	11	5	0	1	0	0	355	
乱伦图片	0	1	1	65535	144	0	11	11	0	1	0	1	1997	
女人洞洞的图片	0	0	1	65535	201	0	11	2	0	1	0	2	1995	
小色奴图片	0	0	0	65535	65535	0	0	0	0	0	6	0	136	
女色不净现图片	0	0	1	65535	130	0	5	0	0	0	0	0	1982	
狠狠干大香蕉图片	0	0	1	65535	102	0	1	0	0	0	0	0	465	
郑爽出道前素颜照	0	0	0	65535	150	0	3	0	3	0	6	0	305	
爱爱过程	0	0	1	65535	144	0	8	4	0	1	0	1	1998	
人体内脏分布图	0	0	1	65535	141	0	11	9	0	1	0	1	1988	
动漫美女被辱动态图片	0	0	1	65535	51	0	11	0	0	1	0	0	1983	
人体内脏分布图	0	0	1	65535	141	0	11	5	0	1	0	0	1983	
收蔡依林裸照	0	0	1	65535	140	0	0	0	0	0	0	1	1987	
车模	0	1	1	65535	201	0	11	11	0	1	0	0	1998	
王凯图片最萌图片	0	1	0	65535	65535	0	0	0	7	0	7	0	190	
性爱姿势	0	0	1	65535	144	0	7	4	0	1	0	1	1988	
妹妹	0	0	1	65535	65535	0	0	0	0	1	0	0	1976	
兽兽门照艳高清全集	0	0	1	65535	140	0	11	7	0	1	0	1	1645	
5s接电话闪光灯	0	0	0	65535	212	0	0	0	1	0	1	0	1990	
手淫技巧	0	0	1	65535	144	0	11	3	0	1	0	1	1991	
波霸美女	0	0	1	65535	141	0	11	10	0	1	0	2	1994	
日本凌辱	0	0	1	65535	144	0	11	0	0	1	0	2	1994	
孔菲艳	0	1	1	65535	160	0	11	11	0	1	0	0	411	
徐怀臣书法	0	1	0	65535	111	0	2	0	4	0	4	0	35	
性姿势动态图 示范	0	0	1	65535	65535	0	11	4	0	1	0	0	1961	
做爱方法	0	1	1	65535	144	0	11	10	0	1	0	0	1986	
夕纪十六岁	0	1	1	65535	111	0	10	3	10	0	40	0	45	
2005年四川南充真实僵尸事件	0	0	0	65535	280	0	11	2	2	0	7	0	185	
风月之家	0	0	1	65535	70	0	10	0	0	0	0	0	48	
埃奥拉病毒	0	0	0	65535	251	0	0	0	0	0	0	0	863	
风月之家	0	0	1	65535	70	0	8	0	0	0	0	0	48	
夏目	0	1	1	65535	51	0	11	9	0	1	0	0	1987	
夫妻性向图片	0	0	1	65535	65535	0	0	0	2	0	19	0	1265	
美女酥胸	0	0	1	65535	141	0	11	2	0	1	0	0	1994	
黄龙江模特	0	0	0	65535	201	0	0	0	0	0	0	0	1008	
现场偷拍	0	0	1	65535	140	0	4	3	0	1	0	0	1993	
性感	0	1	1	65535	201	0	11	11	0	1	0	0	1995	
口交	0	0	1	65535	144	0	11	10	0	1	0	1	1998	
妈妈做爱	0	0	1	65535	144	0	11	1	0	1	0	0	1997	
成人	0	1	1	65535	140	0	9	8	0	1	0	0	1989	
日本爱情动作动态图	0	0	0	65535	70	0	10	0	1	0	3	0	1997	
大胸妹子水真多图	0	0	0	65535	141	0	1	0	0	0	0	0	1998	
水姐是谁演的	0	0	0	65535	65535	0	2	0	0	0	0	0	1999	
人体艺术	0	0	1	65535	142	0	7	7	0	1	0	0	1967	
象棋开局实战技巧图	0	1	0	65535	65535	0	2	0	5	0	13	0	779	
许峰和曹曦月的暧昧图	0	0	0	65535	150	0	0	0	0	0	0	0	1988	
男人内裤	0	1	1	65535	130	0	11	11	0	1	0	0	1945	
狠得鲁图片	0	0	0	65535	65535	0	0	0	0	0	0	0	24	
天目瓷真品图片	0	0	0	65535	112	0	0	0	0	0	5	0	105	
马赛资料	1	1	0	65535	65535	0	3	0	11	0	160	0	626	
11ss图片	0	1	1	65535	65535	0	2	0	11	0	1663	0	1665	
真实一滴血的照片	0	0	0	65535	65535	0	0	0	0	0	1	0	1983	
细腿牛仔裤美女图片	0	0	1	65535	201	0	5	0	3	0	73	0	1992	
动漫美女脱去胸罩后图片	0	0	1	65535	50	0	0	0	0	0	0	0	944	
我操美女	0	0	1	65535	201	0	11	0	0	1	0	0	1994	
微信发朋友圈不带图片怎么发	0	0	0	65535	130	0	0	0	5	0	12	0	1995	
人体艺木摄影图片欣赏	0	0	1	65535	141	0	11	1	0	1	0	0	1990	
av9cc图片	0	1	0	65535	144	0	1	0	0	0	20	0	1997	
小米2s39.0	0	0	0	65535	65535	0	3	0	0	0	0	0	1996	
脱衣服全过程图片	0	0	1	65535	140	0	11	6	0	1	0	1	1987	
司马迁杨坚	0	0	0	65535	200	0	0	0	0	0	2	0	1984	
睡饱了可爱图片	0	0	1	65535	201	0	0	0	1	0	4	0	1994	
巨ru爆ru	0	1	1	65535	65535	0	3	0	4	0	21	0	51	
长脸女生适合的中性短发	0	0	0	65535	192	0	2	0	3	0	11	0	1232	
受辱的妻子	0	1	1	65535	140	0	11	2	5	0	61	0	1993	
美女紧身裤包子骆驼图	0	0	1	65535	101	0	0	0	0	0	0	0	1945	
男女爱爱24式动态图	0	1	0	65535	144	0	11	4	8	0	29	1	37	
唐朝铁权图片	0	0	0	65535	150	0	0	0	0	0	0	0	7	
追女三十六房床戏图	0	0	1	65535	140	0	0	0	0	0	0	0	52	
罗维是谁的儿子	0	1	0	65535	150	0	8	0	11	0	19	0	1188	
美女裸照	0	1	1	65535	140	0	11	11	0	1	0	0	1981	
色系军团人体图片	0	0	1	65535	141	0	11	7	0	1	0	3	862	
天色	0	0	1	65535	65535	0	11	2	0	1	0	0	1951	
日本嫩模活动现场被当众撕衣	0	1	1	65535	65535	0	9	0	5	0	13	0	1985	
潘金莲	0	1	1	65535	71	0	11	7	0	1	0	0	1739	
王凯被打	0	0	0	65535	65535	0	2	0	1	0	3	0	529	
黑暗圣经全集	0	0	1	65535	52	0	1	0	0	1	0	0	1979	
男人摸女人胸	0	0	1	65535	192	0	11	0	0	1	0	2	1974	
按摩胸部方法图片	0	0	1	65535	141	0	11	0	0	1	0	0	1967	
美女自摸诱惑图片	0	0	1	65535	201	0	11	0	0	1	0	1	1989	
杨幂胸部	0	0	1	65535	200	0	11	1	0	1	0	1	1991	
车展美女不雅照片	0	1	1	65535	140	0	1	0	5	0	13	0	1996	
杨颖陈晓写真	0	0	0	65535	201	0	0	0	0	0	0	0	1371	
情色图片	0	0	1	65535	144	0	11	10	0	1	0	2	2000	
女人生殖民器外部结构图片	0	0	0	65535	240	0	2	0	0	0	0	0	1998	
天海翼打枪图	0	0	1	65535	143	0	2	0	3	0	4	0	1956	
'潘金莲	0	0	1	65535	71	0	11	5	0	1	0	0	1969	
操峦	0	0	1	65535	144	0	11	7	0	1	0	1	42	
内射美女	0	1	1	65535	144	0	11	8	0	1	0	0	991	
黑丝骚货	0	0	1	65535	144	0	11	0	0	1	0	0	553	
内射少女	0	0	1	65535	144	0	11	0	0	1	0	0	1319	
孙倩	0	0	1	65535	200	0	11	1	0	1	0	0	1974	
真空露点	0	0	1	65535	200	0	11	4	0	1	0	0	1990	
抠逼女	0	0	1	65535	65535	0	11	0	0	1	0	2	1010	
youjizz.com	0	0	1	65535	200	0	11	6	0	1	0	0	1999	
动漫动态不雅图片	0	0	0	65535	50	0	0	0	0	0	0	1	421	
艹穴	0	0	1	65535	65535	0	6	0	0	0	0	0	67	
色情少妇熟女图片	0	0	1	65535	141	0	7	0	3	0	6	0	1993	
制服诱惑的苍井空图片	0	0	1	65535	143	0	11	0	0	1	0	2	1987	
玉女心经	0	0	1	65535	200	0	11	6	0	1	0	1	1973	
街拍性感时尚长腿短裤图片	0	0	1	65535	141	0	0	0	1	0	48	0	1992	
潘磕惺2第六集床戏	0	1	0	65535	140	0	1	0	9	0	10	0	1942	
爱奇艺床戏 吻戏 脱戏吻胸	0	0	1	65535	140	0	0	0	0	0	0	0	1993	
山东地图全图高清版	0	1	1	65535	33	0	11	11	0	1	0	0	1873	
魔具少女二条秋h彩图	0	0	0	65535	65535	0	0	0	0	0	0	0	8	
美女裸体艺术	0	0	1	65535	141	0	11	9	0	1	0	2	1995	
马鞍山伟星蓝山别墅	0	0	0	65535	32	0	11	0	1	0	7	0	196	
内射淫女	0	0	1	65535	141	0	2	0	8	0	8	0	17	
高朊懒	0	0	1	65535	65535	0	11	6	0	1	0	1	119	
高朊懒	0	0	1	65535	65535	0	11	9	0	1	0	1	115	
美女手插阴道图	0	0	1	65535	141	0	0	0	0	0	1	3	189	
花边丝袜	0	0	1	65535	191	0	11	1	0	1	0	0	1993	
女生额头上有痣图片	0	0	0	65535	130	0	1	0	1	0	2	0	973	
武藤兰 图	0	0	1	65535	150	0	7	4	0	1	0	0	1981	
清朝后宫	0	0	1	65535	140	0	11	2	0	1	0	0	1994	
乳房下垂	0	0	1	65535	192	0	11	3	0	1	0	4	1992	
巨乳美女 图	0	0	1	65535	141	0	11	1	0	1	0	1	1991	
女人吃男人棒子图	0	0	0	65535	130	0	0	0	1	0	9	1	2000	
清朝后宫	0	0	1	65535	140	0	11	2	0	1	0	0	1987	
乳房下垂	0	0	1	65535	192	0	11	3	0	1	0	1	1967	
妹妹b	0	0	1	65535	65535	0	11	0	0	1	0	0	1985	
章泌生儿子	0	0	0	65535	65535	0	0	0	0	0	0	0	4	
美女床上图	0	0	1	65535	201	0	11	4	0	1	0	1	1980	
男仕内裤纸样图	0	1	1	65535	65535	0	4	0	7	0	382	0	1940	
我分开了师娘的玉腿	0	0	1	65535	141	0	0	0	0	0	0	0	173	
日本女人被爆菊花	0	1	0	65535	144	0	11	1	5	0	12	1	396	
穿越ying线	0	0	0	65535	65535	0	2	0	0	0	1	0	1964	
性感后妈	0	1	1	65535	201	0	11	0	8	0	77	0	1996	
老头和孙女偷腥图片	0	0	0	65535	150	0	8	0	0	0	0	0	441	
avav56日p图	0	0	0	65535	144	0	0	0	0	0	0	0	98	
疯狂猜成语礼义廉耻图	0	0	0	65535	65535	0	0	0	0	0	0	0	10	
摸男人胸	0	0	1	65535	130	0	11	0	0	1	0	1	1964	
c字	0	0	1	65535	200	0	11	3	0	1	0	0	1976	
干了老板的漂亮女儿	0	0	0	65535	65535	0	1	0	4	0	7	2	1997	
动漫兔女郎	0	1	1	65535	52	0	11	11	0	1	0	0	1990	
高潮	0	0	1	65535	40	0	11	11	0	1	0	2	1987	
wwwaoaolucom图片	0	0	1	65535	252	0	0	0	0	0	0	0	29	
强奸乱伦图片	0	0	1	65535	144	0	11	3	0	1	0	0	1991	
高防假黄金项链	0	0	0	65535	191	0	0	0	0	0	0	0	1994	
苍井空白浆	0	0	1	65535	143	0	11	11	0	1	0	4	598	
chinajoy外围无节操夜场曝光	0	1	0	65535	144	0	7	1	0	1	0	0	792	
两性私密图	0	0	1	65535	65535	0	11	0	0	1	0	1	1982	
自慰图片	0	1	1	65535	144	0	11	11	0	1	0	0	1996	
国外美女走光图片	0	0	1	65535	140	0	11	0	3	0	80	0	1995	
x女特工床上戏	0	1	1	65535	65535	0	2	0	9	0	107	0	856	
丰满丝袜	0	0	1	65535	65535	0	11	9	0	1	0	1	1988	
美女穿肉色连裤袜	0	0	1	65535	201	0	11	0	0	1	0	1	1987	
大陆大胸熟女演员	0	0	1	65535	141	0	0	0	0	0	0	0	1990	
俄罗斯美女	0	0	1	65535	201	0	11	11	0	1	0	2	1992	
女人生值器真实图片	0	0	1	65535	201	0	11	2	0	1	0	0	1972	
孟图片	0	0	0	65535	65535	0	0	0	0	0	0	0	29	
张开逼给大鸡吧插图片	0	0	1	65535	65535	0	0	0	0	0	0	0	14	
驴子与女人交配图	0	0	1	65535	144	0	6	0	1	0	2	0	1179	
刀形风扇灯	0	0	0	65535	65535	0	0	0	1	0	1	0	1998	
东康酒店	0	0	0	65535	32	0	0	0	3	0	17	0	1144	
激情人兽图	0	1	1	65535	144	0	11	0	7	0	175	1	1987	
潍坊郑伟	0	0	0	65535	65535	0	1	0	3	0	11	0	336	
裸体美女图	0	0	1	65535	141	0	11	9	0	1	0	2	1997	
日本女学生换体育服图	0	0	1	65535	65535	0	6	1	2	0	3	0	1994	
激情图	0	1	1	65535	65535	0	11	8	0	1	0	0	1982	
上海欢乐谷园区地图	0	1	0	65535	33	0	9	0	6	0	8	0	1996	
重庆周生生 解放碑	0	0	0	65535	30	0	1	0	3	0	4	0	285	
帅哥和美女摸胸激吻	0	0	1	65535	201	0	0	0	1	0	2	0	114	
狼爪鞋垫	0	1	0	65535	65535	0	3	0	4	0	16	0	1510	
女的的胸	0	0	1	65535	65535	0	11	2	0	1	0	0	1984	
嫩嫩的比比	0	0	0	65535	51	0	0	0	2	0	9	0	1993	
性生生活动作图23式动图图图图	0	0	0	65535	130	0	8	0	0	0	0	0	1999	
李自成和洪秀全	0	1	0	65535	65535	0	8	0	5	0	13	0	1872	
用蟑螂摆出一个熊字的图片	0	0	0	65535	65535	0	0	0	0	0	0	0	1993	
内射少妇	0	0	1	65535	144	0	11	1	0	1	0	0	203	
女性生殖器真人放大图	0	0	1	65535	141	0	11	11	0	1	0	1	455	
chinajoy外围无节操夜场	0	1	0	65535	144	0	11	10	0	1	0	0	796	
睾丸癌	0	0	1	65535	130	0	11	6	0	1	0	0	1979	
谢霆锋妹妹	0	0	1	65535	150	0	8	1	0	1	0	0	1933	
阿娇吃鸡8照艳全集	0	0	1	65535	101	0	7	0	1	0	10	1	765	
寂寞少妇湿身诱惑图	0	0	1	65535	141	0	1	0	4	0	6	0	337	
斗破苍穹漫画美杜莎女王	0	0	1	65535	60	0	11	0	0	1	0	0	1985	
美女被轮图	0	0	1	65535	201	0	11	1	0	1	0	0	1990	
范冰冰裸体	0	0	1	65535	141	0	11	11	0	1	0	1	1986	
av女优	0	0	1	65535	143	0	10	10	0	1	0	3	1994	
美女做爱图片	0	0	1	65535	144	0	11	9	0	1	0	1	1984	
野外车震被拍的图片	0	0	0	65535	65535	0	10	0	0	0	6	0	1988	
海底小部队	0	0	0	65535	31	0	0	0	0	0	1	0	1999	
一路向西亚洲色图	0	0	1	65535	140	0	0	0	0	0	0	0	932	
xxoo动态图	0	0	1	65535	65535	0	11	5	0	1	0	0	1969	
美女新娘被强奸图	0	0	1	65535	144	0	4	0	0	0	12	1	1997	
偏分玉米烫短发	0	0	0	65535	192	0	0	0	3	0	5	0	1990	
张国荣胡子帅照	0	1	0	65535	150	0	5	0	4	0	5	0	655	
陈昊肖长图片	0	0	0	65535	150	0	0	0	0	0	0	0	1995	
漯河第一中专寝室图片	0	1	0	65535	271	0	1	0	5	0	12	0	185	
情侣做爱自拍	0	0	1	65535	144	0	11	6	0	1	0	2	1990	
打屁股	0	1	1	65535	65535	0	11	8	0	1	0	0	1925	
兰桂坊成人亚洲看图	0	0	0	65535	140	0	3	1	0	0	0	0	368	
少女淫艳百度图	0	0	0	65535	140	0	0	0	0	0	0	0	1941	
147人体孕妇裸体艺术	0	0	1	65535	141	0	0	0	0	0	0	0	1987	
陈冠希艳照门完整照片	0	0	1	65535	140	0	11	9	0	1	0	3	1986	
湖南到桂林地图	0	1	0	65535	33	0	10	0	0	0	2	0	1990	
民工强奸大学生 美女	0	0	1	65535	144	0	1	0	0	0	1	0	1987	
额头不饱满适合什么发型	0	0	0	65535	192	0	11	2	1	0	4	0	1992	
幼幼	0	1	1	65535	65535	0	11	11	0	1	0	1	1933	
女人阴部剃毛的图片	0	0	1	65535	141	0	6	0	1	0	4	0	1983	
杜达雄2014	0	0	1	65535	160	0	7	3	0	1	0	0	217	
诱惑	0	0	1	65535	201	0	6	5	0	1	0	0	1997	
欧美色图片	0	0	1	65535	140	0	11	3	0	1	0	0	1998	
男女下体互插图	0	0	1	65535	140	0	0	0	2	0	13	1	1970	
青少年性教育	0	0	1	65535	130	0	11	1	0	1	0	0	1985	
明星裸照	0	0	1	65535	200	0	9	6	0	1	0	0	1978	
透明丁子裤	0	0	1	65535	65535	0	11	0	0	1	0	1	1974	
耳上的痣的位置图	0	0	0	65535	130	0	0	0	1	0	13	0	1979	
顾西爵老公徐微雨照片	0	0	0	65535	200	0	8	0	2	0	2	0	58	
齐天大性之大闹女儿国	0	1	1	65535	200	0	11	11	0	1	0	0	26	
剑桥王美莼 艳拍门	0	1	1	65535	140	0	2	0	9	0	12	0	20	
陈乔恩内衣诱惑	0	0	0	65535	150	0	4	0	1	0	2	1	103	
好哥伦自助餐	0	0	0	65535	272	0	1	0	4	0	6	1	76	
桃色交易之呻吟	0	0	1	50	65535	0	11	4	0	1	0	0	293	
sixinsix board丝袜	0	0	1	65535	65535	0	0	0	0	0	0	0	1	
六合彩今晚丹东图	0	0	0	65535	65535	0	0	0	0	0	0	0	536	
4p艳照	0	0	1	65535	140	0	11	0	4	0	45	3	999	
白丝美女邪恶图	0	1	1	65535	201	0	10	0	6	0	43	0	711	
五色月裸体图片	0	0	1	65535	141	0	0	0	0	0	0	2	1011	
女人操逼图	0	0	1	65535	144	0	11	0	0	1	0	2	1146	
偷拍自拍图片	0	1	1	65535	140	0	11	11	0	1	0	1	1989	
周冬雨承认整容	0	0	0	65535	40	0	1	0	0	0	1	0	1991	
性感丝袜美女	0	1	1	65535	140	0	11	11	0	1	0	0	1991	
少女割礼后阴部图片图	0	0	1	65535	141	0	6	0	1	0	2	0	571	
省人大王新民书法	0	0	0	65535	111	0	0	0	0	0	4	0	1654	
银行业务员妈妈丝袜	0	0	1	65535	200	0	0	0	0	0	0	0	1813	
女人操逼图	0	0	1	65535	144	0	11	0	0	1	0	3	1146	
有一种叫香辣大片的辣条的图片	0	0	0	65535	101	0	0	0	0	0	0	0	2000	
两性做爱动漫图	0	0	1	65535	144	0	1	0	0	0	11	0	1967	
燕子飞机怎么折图解	0	1	0	65535	170	0	11	0	6	0	18	0	1982	
乐嘉缘电动车	0	0	0	65535	171	0	0	0	0	0	0	0	4	
欧美av	0	1	1	65535	144	0	11	11	0	1	0	1	1942	
星矢的姐姐	0	0	1	65535	51	0	11	0	3	0	118	0	1996	
90后性爱图片	0	0	1	65535	144	0	11	2	0	1	0	1	1682	
炮子	0	0	1	65535	65535	0	3	0	0	0	0	0	1954	
韩式皮筋编法	0	1	0	65535	65535	0	0	0	7	0	8	0	1074	
日本人体艺术	0	0	1	65535	142	0	11	9	0	1	0	0	1991	
美女呻吟	0	0	1	65535	201	0	11	2	0	1	0	1	1992	
写真集	0	1	1	10	150	0	11	10	0	1	0	0	1998	
锯杏坛打大车祸	0	0	0	65535	65535	0	0	0	0	0	0	0	116	
土豆周末秀女主角	0	0	0	65535	101	0	0	0	0	0	0	0	1982	
人体大脑图	0	0	1	65535	141	0	11	0	0	1	0	0	1994	
韩文静和成晓峰床戏	0	1	0	65535	140	0	1	0	4	0	5	0	291	
丝袜阿姨	0	1	1	65535	65535	0	11	8	0	1	0	0	1992	
成人黄色	0	0	1	50	140	0	11	8	0	1	0	1	2000	
冲田杏梨作品全集封面	0	1	1	65535	65535	0	11	0	1	0	8	1	1112	
秦海潞美腿	0	0	1	65535	141	0	0	0	11	0	257	0	1983	
王思聪林更新的肌肉	0	0	0	65535	130	0	0	0	0	0	0	0	9	
少女内裤裆有毛图片	0	0	1	65535	191	0	1	0	0	0	0	0	1993	
捆绑奸相扑斗	0	1	1	65535	144	0	2	0	11	0	19	0	193	
堂本光一 草剪刚	0	0	0	65535	150	0	0	0	1	0	13	0	198	
黄图	0	1	1	65535	200	0	11	11	0	1	0	0	1975	
欧美蜜桃色图片	0	0	1	50	140	0	11	4	0	1	0	2	1988	
色系漫画	0	1	1	65535	50	0	11	7	0	1	0	0	1971	
柳岩用的面膜	0	0	0	65535	192	0	7	0	1	0	11	0	1982	
男女性交漫画	0	0	1	65535	144	0	11	6	0	1	0	0	1976	
三福专卖店女鞋	0	0	0	65535	191	0	0	0	2	0	2	0	1994	
色系漫画	0	1	1	65535	50	0	11	9	0	1	0	0	1971	
透明丁字内裤图片	0	0	1	65535	65535	0	11	0	0	1	0	0	1974	
调教sm	0	0	1	65535	144	0	11	5	0	1	0	0	1988	
适合阳台种植的植物	1	1	0	65535	90	0	11	2	0	1	0	0	1999	
偷拍美臀	0	0	1	65535	141	0	11	11	0	1	0	1	1994	
韩艺博大鸟凸起图	0	0	0	65535	65535	0	1	0	0	0	0	0	2	
胖次	0	0	1	65535	65535	0	11	11	0	1	0	2	1971	
福州三十中教师风采照	0	0	0	65535	65535	0	0	0	0	0	0	0	457	
女人来月经图片	0	0	1	65535	200	0	11	0	0	1	0	1	1990	
脱丝袜	0	0	1	65535	65535	0	11	11	0	1	0	2	1985	
赵奕欢	0	1	1	65535	150	0	11	11	0	1	0	0	1977	
赵奕欢	0	1	1	65535	150	0	11	11	0	1	0	0	1975	
人与狗做爱的图片	0	0	1	65535	144	0	10	0	2	0	40	0	1151	
先天性耳前瘘管发炎	0	1	0	65535	130	0	11	0	4	0	15	0	1040	
rosi露阴道图片	0	0	1	65535	141	0	0	0	0	0	0	0	1504	
女子监狱性侵图片	0	0	1	65535	70	0	11	0	0	1	0	0	1985	
微博头像右下角星星标志	0	0	0	11	10	0	0	0	4	0	6	0	965	
周冬雨性感裸图片	0	0	1	65535	201	0	4	0	1	0	4	0	1989	
援交女老师	0	0	1	65535	144	0	0	0	3	0	14	0	458	
女人生殖器无遮图	0	0	1	65535	141	0	7	0	5	0	18	0	700	
13岁女孩花光钱后卖淫	0	1	0	65535	144	0	11	5	0	1	0	0	320	
裸体美女图片	0	0	1	65535	141	0	11	11	0	1	0	3	1999	
日本壮熊的大鸟图片	0	1	1	65535	65535	0	2	0	4	0	11	0	187	
云南模乳节图片	0	0	0	65535	90	0	6	0	0	0	0	0	1999	
超短裙	0	1	1	65535	191	0	11	10	0	1	0	0	1992	
军诺手表	0	0	0	65535	240	0	0	0	0	0	1	0	1992	
李有几画	0	0	0	65535	111	0	0	0	0	0	0	0	1994	
约会专家插曲大人物	0	0	0	65535	130	0	0	0	4	0	4	0	1990	
裸体比赛	0	0	1	65535	141	0	11	6	0	1	0	3	1979	
性感性感性感性感中的性感美女	0	1	1	65535	201	0	0	0	11	0	618	0	1991	
金巧巧yanzhao	0	0	0	65535	150	0	1	0	2	0	15	0	865	
双性人21年的模糊人生	0	0	1	65535	65535	0	11	2	0	1	0	0	326	
色欲	0	0	1	65535	65535	0	11	5	0	1	0	1	276	
灌肠撑大肚子过程图	0	0	0	65535	130	0	11	0	0	0	0	2	540	
女主播赵世熙走光图	0	0	1	65535	140	0	0	0	0	0	0	0	139	
236pp c om情艺图片	0	1	1	65535	65535	0	2	0	5	0	12	0	753	
阿娇口交图	0	0	1	65535	144	0	11	0	0	1	0	0	889	
性故事动态图	0	0	1	65535	65535	0	1	0	2	0	3	0	262	
美女浴池放屁搞笑图片	0	0	0	40	10	0	0	0	0	0	0	0	382	
阿娇口交图	0	0	1	65535	144	0	11	0	0	1	0	0	888	
阴茎吉尼斯记录	0	0	1	65535	141	0	11	0	0	1	0	2	569	
口交动态图	0	1	1	65535	144	0	11	10	0	1	0	0	1985	
夜夜撸图片	0	0	1	65535	65535	0	11	4	0	1	0	0	1984	
丝袜会所	0	1	1	65535	140	0	11	11	0	1	0	1	1982	
校园里干了漂亮少女	0	0	1	65535	65535	0	0	0	0	0	1	0	1996	
邓紫棋不雅图	0	0	0	65535	150	0	1	0	1	0	1	0	6	
最甜蜜的事里的男二号	0	0	0	65535	65535	0	0	0	0	0	0	0	2000	
龙腾小说网银行女职员	0	0	0	65535	120	0	0	0	1	0	1	0	9	
穿丝袜的图片	0	0	1	65535	65535	0	11	1	0	1	0	1	1989	
rosi写真	0	1	1	65535	201	0	11	10	0	1	0	0	1944	
本性交图片	0	0	1	65535	144	0	7	6	0	1	0	2	2000	
美女与狗做爱	0	0	1	65535	144	0	11	0	0	1	0	0	1958	
耽美漫画h多肉图图	0	0	0	65535	50	0	0	0	0	0	0	0	73	
汤芳生殖器十二图图	0	0	1	65535	141	0	3	0	0	0	0	0	219	
蜜穴抽插	0	0	1	65535	65535	0	5	0	0	0	1	3	741	
乳房图片	0	0	1	65535	141	0	11	11	0	1	0	2	1980	
无耻之徒床戏	0	1	0	65535	140	0	8	0	4	0	5	0	1996	
五月天	0	1	1	65535	150	0	10	8	0	1	0	0	1984	
裙底偷拍精品集	0	0	1	65535	140	0	11	2	0	1	0	1	1988	
耽美啪啪啪动态图	0	0	0	65535	65535	0	8	0	1	0	1	0	1996	
郭敬明父母身高	0	1	0	65535	150	0	11	0	4	0	8	0	1993	
山东真龙事件照片	0	0	0	65535	65535	0	1	0	0	0	3	0	1988	
女性内脏图	0	0	1	65535	65535	0	11	0	0	1	0	1	1991	
古代的贴生侍女	0	0	1	65535	65535	0	0	0	0	0	0	0	1994	
女性内脏图	0	0	1	65535	65535	0	11	1	0	1	0	0	1983	
高潮流很多水粘稠片图图	0	0	1	65535	130	0	0	0	0	0	0	0	1995	
欧美做爱图	0	0	1	65535	144	0	11	7	0	1	0	1	1943	
偷拍赤裸男女野战图片	0	0	1	65535	141	0	0	0	0	0	7	0	984	
av照片	0	1	0	65535	144	0	11	6	0	1	0	0	1956	
苍井空av	0	0	1	65535	144	0	11	8	0	1	0	1	1982	
刘阿姨的私袜诱惑	0	0	1	65535	65535	0	0	0	0	0	1	0	1998	
小学女生裙内图片	0	0	1	65535	271	0	11	5	0	1	0	1	1987	
俺去也女子私密会所图片	0	0	1	65535	65535	0	4	1	0	0	0	0	279	
扒开小女孩b就添	0	0	1	65535	201	0	11	2	0	1	0	0	1995	
男人正常阴囊图片	0	0	1	65535	130	0	11	0	0	1	0	1	1974	
女人小穴流水图 高潮	0	0	1	65535	141	0	1	0	0	0	0	0	5	
鸳鸯浴偷拍图片	0	1	1	65535	140	0	10	0	6	0	56	0	935	
赤裸特工桌上强奸图片	0	0	1	65535	144	0	2	0	0	0	0	0	375	
赂咔逋纪纪	0	0	1	65535	65535	0	2	0	3	0	12	1	80	
汤芳生殖器十二张图	0	0	1	65535	141	0	1	0	0	0	0	0	148	
裴娜性感图	0	1	1	65535	201	0	0	0	8	0	97	0	726	
巩利的奶子被操图片	0	0	1	65535	141	0	0	0	0	0	0	0	139	
色五月女王来了图片	0	0	1	65535	65535	0	11	2	0	1	0	0	345	
床戏假戏真做	0	0	1	65535	140	0	11	0	0	1	0	1	1981	
夜夜鲁管专用图	0	0	0	65535	65535	0	0	0	0	0	0	0	1994	
操美腿丝袜少妇	0	0	1	65535	141	0	11	1	1	0	7	0	1502	
男女性交图解	0	0	1	65535	144	0	11	0	0	1	0	0	1970	
连云港之夏2014明星	0	0	0	65535	150	0	3	0	0	0	2	0	1999	
f罩	0	0	1	65535	65535	0	11	3	0	1	0	0	1991	
丹东龙苑游泳馆图片	0	0	0	65535	65535	0	0	0	0	0	0	0	783	
女人奶子	0	0	1	65535	200	0	11	4	0	1	0	1	1983	
憧憬的水泳部邪恶漫画	0	0	0	65535	50	0	1	0	0	0	0	0	1999	
丝袜足	0	1	1	65535	65535	0	11	8	0	1	0	0	1986	
金发美女	0	0	1	65535	200	0	7	4	0	1	0	0	1922	
tfboys魔法城堡mv拍摄花絮	0	1	0	65535	65535	0	2	0	5	0	8	0	1771	
自拍	0	1	1	65535	201	0	11	10	0	1	0	0	1999	
八月长安与叶钦达	0	0	0	65535	65535	0	1	0	0	0	0	0	1	
vivoy11lt	0	0	0	65535	65535	0	0	0	0	0	0	0	65	
莆田红灯区	0	0	1	65535	70	0	11	1	0	1	0	0	295	
跳蛋使用图片	0	0	1	65535	65535	0	11	0	0	1	0	0	1987	
丝袜制服	0	1	1	65535	191	0	11	11	0	1	0	1	1996	
美女全裸无遮挡	0	0	1	65535	141	0	11	0	0	1	0	1	624	
做爱摸奶	0	0	1	65535	144	0	11	0	0	1	0	2	1286	
帅哥哭的头像图片	0	0	0	15	10	0	4	0	1	0	19	0	1997	
美女被打屁屁	0	0	1	65535	141	0	11	1	0	1	0	1	1981	
姿势诱惑	0	0	1	65535	65535	0	11	5	0	1	0	1	1993	
人狗	0	1	1	65535	80	0	11	10	0	1	0	0	1979	
高邮哪有站街女	0	0	1	65535	65535	0	1	0	0	0	0	0	1966	
满淫电车	0	0	1	65535	65535	0	11	6	0	1	0	0	108	
满淫电车	0	0	1	65535	65535	0	11	5	0	1	0	0	107	
淫荡美少年	0	0	1	65535	144	0	10	0	2	0	6	1	317	
91蜜桃色图片	0	1	1	50	140	0	5	0	6	0	18	0	1992	
性交人体艺术	0	0	1	65535	142	0	11	1	0	1	0	3	1987	
开档丝袜露逼图片	0	0	1	65535	65535	0	0	0	0	0	0	0	94	
张翰路晨图片	0	1	0	65535	65535	0	4	0	10	0	12	0	16	
女生劈腿露阴部图	0	0	1	65535	141	0	0	0	0	0	0	0	6	
美女露内毛	0	1	0	65535	201	0	11	3	4	0	4	0	225	
苍溪张波	0	0	0	65535	65535	0	2	0	1	0	1	0	730	
周末同床图片	0	0	1	65535	70	0	11	5	0	1	0	1	1013	
胸部下垂图片	0	0	1	65535	141	0	11	5	0	1	0	0	1981	
换妻	0	1	1	65535	65535	0	10	8	0	1	0	0	1893	
av片图解	0	1	1	65535	144	0	10	1	11	0	868	0	1989	
越南妓女	0	0	1	65535	140	0	11	6	0	1	0	0	1983	
av性感女主角图片	0	1	1	65535	70	0	0	0	11	0	324	0	1996	
世界上有鬼吗30张鬼图	0	0	0	65535	65535	0	5	0	0	0	0	0	1997	
2014厦门地铁新规划图	0	0	0	65535	240	0	0	0	0	0	0	0	1996	
爸爸2ps古装照	0	0	0	65535	200	0	11	0	0	0	0	0	1991	
皮筋手链编法图解花式	0	0	0	65535	130	0	2	0	0	0	2	0	1999	
杨棋涵图片	0	0	1	65535	160	0	11	0	0	1	0	1	1995	
杨棋涵图片	0	0	1	65535	160	0	11	0	0	1	0	2	1983	
^男孩长螃蟹手图片	0	0	0	65535	101	0	2	0	0	0	0	0	521	
阴茎龟头图片图谱	0	0	1	65535	141	0	11	0	4	0	50	1	1990	
美女露内毛湿裤裆图	0	0	0	65535	201	0	9	1	1	0	1	0	10	
黑丝眼镜娘	0	0	1	65535	140	0	11	1	0	1	0	0	1014	
襄矿集团女人的图片	0	1	0	65535	232	0	5	0	4	0	5	0	645	
吴尊女儿纹身照片	0	1	0	65535	111	0	11	0	3	0	7	1	559	
赤壁曹操	0	1	0	65535	144	0	11	0	0	1	0	0	1991	
玫瑰花瓣拼床上图片	0	0	1	65535	65535	0	0	0	0	0	2	0	1994	
农村厕所偷拍美女	0	0	1	65535	140	0	6	0	2	0	6	0	1989	
少妇做爱图	0	0	1	65535	144	0	11	4	0	1	0	3	1986	
亚洲色图图片	0	0	1	65535	200	0	11	1	0	1	0	0	1992	
下药强奸	0	0	1	65535	144	0	11	0	0	1	0	1	1982	
性爱冲动漫画	0	0	1	65535	144	0	7	0	3	0	3	0	1992	
窗户效果图大全2014图片	0	0	0	65535	65535	0	2	0	0	0	4	0	1986	
丝袜美女	0	1	1	65535	201	0	11	11	0	1	0	1	1989	
少妇文爱聊天记录截图	0	0	0	65535	141	0	0	0	0	0	0	0	1981	
人马蓝2装备图	0	0	0	65535	60	0	0	0	0	0	1	0	1988	
淫荡女生	0	0	1	65535	144	0	11	0	0	1	0	3	1994	
杨子珊遭轮轩	0	0	0	65535	150	0	7	0	0	0	1	0	1995	
张祥青的情人	0	0	0	65535	65535	0	2	0	0	0	0	0	41	
|eep汽车价格与图片	0	0	0	65535	171	0	0	0	0	0	0	0	5	
阴道人体艺术	0	0	1	65535	200	0	10	0	0	1	0	0	686	
老婆的穴穴超级小	0	0	0	65535	200	0	11	0	1	0	1	0	653	
欧美色图 图	0	1	1	65535	140	0	2	0	11	0	290	0	1991	
天海翼人体艺术	0	0	1	65535	142	0	11	6	0	1	0	0	427	
ye色王朝	0	0	1	65535	65535	0	0	0	0	0	0	0	1981	
lol冷无缺照片	0	0	0	65535	65535	0	0	0	2	0	2	0	1193	
推油	0	1	1	65535	144	0	11	11	0	1	0	1	1986	
雨后小故事	0	1	1	65535	52	0	11	11	0	1	0	0	1960	
和别人的妻子做图片	0	0	0	65535	200	0	4	0	0	0	3	1	1995	
湄公河大案向红照片	0	0	0	65535	65535	0	9	0	0	0	0	0	1727	
韩国车模	0	1	1	65535	65535	0	11	11	0	1	0	0	1998	
门当户对女主角	0	0	0	65535	65535	0	0	0	4	0	7	0	1948	
女尸解剖验尸图片	0	0	1	65535	65535	0	11	0	0	1	0	1	1491	
2014厦门国际马拉松线路图	0	1	0	65535	33	0	5	0	2	0	17	0	403	
帅哥浴室激情男男	0	0	1	65535	201	0	0	0	0	0	0	1	1962	
女大学生妣图	0	0	0	65535	271	0	0	0	1	0	2	0	390	
鸡鸡照	0	0	1	65535	141	0	11	1	0	1	0	0	1996	
男老师的内裤	0	0	1	65535	65535	0	2	0	1	0	40	1	1983	
平南牛歌戏担柴女	0	0	0	65535	65535	0	0	0	0	0	0	0	2	
好打理的学生短发	0	0	0	65535	192	0	0	0	0	0	18	0	1994	
日韩情色	0	0	1	65535	144	0	11	6	0	1	0	0	1996	
美女脱裤子脱衣服	0	0	1	65535	140	0	11	0	3	0	17	0	832	
五组抬高腿图片	0	0	0	65535	65535	0	0	0	0	0	0	1	230	
奇米影视亚洲色图	0	0	1	65535	140	0	0	0	0	0	2	0	141	
美女被灌醉性侵图	0	1	1	65535	201	0	11	8	0	1	0	0	1238	
女士自慰器如何使用	0	0	1	65535	140	0	1	0	3	0	28	0	1995	
两性技巧	0	0	1	65535	140	0	11	2	0	1	0	3	1970	
成人性交	0	1	1	65535	144	0	11	10	0	1	0	0	1993	
人体模特	0	0	1	65535	141	0	11	10	0	1	0	0	1992	
在家干55岁熟女	0	0	1	65535	141	0	1	0	1	0	1	0	979	
柔术训练故事开胯图片	0	0	0	65535	65535	0	0	0	0	0	0	0	1995	
刘晓洁胸罩图片	0	0	0	65535	150	0	8	0	0	0	0	0	1990	
叉b图片	0	0	1	65535	65535	0	11	0	0	1	0	2	1988	
新娘被强奸全过程图片	0	0	1	65535	144	0	11	0	0	1	0	3	1988	
美女搞笑图片	0	0	1	40	10	0	11	10	0	1	0	1	1981	
钟汉良完全勃起照	0	0	0	65535	144	0	3	0	0	0	0	0	1823	
格斗江湖影刺武器最后进阶图片	0	0	0	65535	65535	0	0	0	0	0	0	0	1994	
色夜夜色图	0	0	1	65535	140	0	0	0	5	0	28	0	309	
不是冤家不恋爱男主角	0	0	0	65535	65535	0	0	0	0	0	4	0	1990	
美女丁字裤春光大泻图片	0	0	1	65535	130	0	0	0	0	0	0	0	1785	
中国国产班用92手枪	0	0	0	65535	21	0	0	0	0	0	0	0	1746	
人体艺术图片	0	0	1	65535	142	0	11	9	0	1	0	3	1994	
芦名尤莉亚	0	0	1	65535	51	0	11	8	0	1	0	2	473	
乳交	0	0	1	65535	144	0	11	7	0	1	0	1	128	
夜蒲团1床戏	0	0	1	65535	140	0	1	0	0	0	1	1	568	
透明紧身衣阴沟	0	0	1	65535	141	0	9	2	0	1	0	0	1545	
阴道口	0	0	1	65535	141	0	11	11	0	1	0	2	1383	
女人顺产后多久可以同房	0	0	0	65535	130	0	0	0	4	0	10	1	545	
高级缓交妹50p图片	0	0	1	65535	65535	0	2	0	0	0	0	0	605	
男人生殖器真实图解	0	0	1	65535	141	0	0	0	2	0	27	1	1989	
爱情回来了王传君床戏	0	0	0	65535	140	0	2	0	0	0	0	0	1986	
蹂躏女星	0	1	1	65535	40	0	11	0	11	0	1189	1	1986	
动漫mm自慰图	0	1	1	65535	144	0	11	0	5	0	118	0	1986	
鬼鬼刘海柱	0	0	0	65535	150	0	0	0	0	0	1	0	749	
厨房电影激情戏	0	0	1	65535	65535	0	0	0	3	0	3	0	1957	
男人裸照	0	0	1	65535	140	0	11	9	0	1	0	2	1976	
安徽在中国的位置	0	1	0	65535	65535	0	11	0	4	0	12	0	1997	
揉奶救地球高清图片	0	1	1	65535	65535	0	11	0	11	0	102	0	312	
李润东女友的照片	0	1	0	65535	65535	0	1	0	8	0	12	0	160	
美的5031图片	0	0	0	65535	65535	0	0	0	1	0	2	0	1998	
不知火舞之公园狂野3	0	0	0	65535	30	0	7	0	0	0	7	0	1682	
崔红红三级	0	1	0	65535	140	0	11	2	6	0	12	0	318	
美女裙下风光	0	0	1	65535	40	0	11	2	0	1	0	4	1995	
wh110t-a图片	0	1	1	65535	65535	0	11	0	9	0	111	0	238	
日本少女变态成人礼	0	0	0	65535	140	0	3	0	2	0	16	0	401	
vivo y19 4g手机	0	0	0	65535	211	0	0	0	0	0	0	0	1733	
胆汁什么颜色	0	0	0	65535	130	0	11	0	0	0	3	0	1985	
保卫萝卜217关攻略图	0	0	0	65535	65535	0	0	0	0	0	0	0	418	
大鸡巴图	0	0	1	65535	141	0	11	8	0	1	0	1	1991	
销魂宫女	0	0	1	65535	65535	0	0	0	3	0	3	1	917	
老头和少妇	0	0	1	65535	201	0	11	0	0	1	0	1	1978	
美人如画张嘉倪床吻戏	0	0	0	65535	65535	0	0	0	0	0	0	0	517	
世界上手最长的人	0	0	0	65535	65535	0	2	0	2	0	2	0	1986	
freepron日本图片	0	0	1	65535	31	0	0	0	0	0	1	0	765	
露阴美女	0	0	1	65535	144	0	11	10	0	1	0	3	1998	
看穿紧身裤	0	0	1	65535	191	0	11	1	0	1	0	0	1983	
摸表姐的丝袜脚	0	0	1	65535	65535	0	0	0	0	0	0	0	1985	
欧美情侣头像黑白男男	0	0	0	15	10	0	0	0	0	0	0	0	1984	
女人第一次性体验图片	0	0	1	65535	201	0	4	0	2	0	13	1	1998	
耐操	0	1	0	65535	144	0	11	8	0	1	0	1	1994	
冷和平书法	0	1	0	65535	111	0	9	0	5	0	18	0	150	
女主播被揉胸	0	1	1	65535	130	0	0	0	9	0	32	0	720	
属蛇的阴历几月出生最好女孩	0	0	0	65535	130	0	0	0	0	0	0	0	1008	
夫妻性生活图片	0	1	1	65535	130	0	0	0	11	0	1115	0	1984	
吉拉迪诺	0	1	1	65535	1	0	9	7	0	1	0	0	1864	
沙井飘马的照片	0	0	0	65535	111	0	0	0	0	0	0	0	975	
女性勾引激情戏	0	0	1	65535	65535	0	0	0	11	0	381	1	1981	
金牛和处女	0	0	1	65535	141	0	11	0	11	0	1328	0	1995	
超紧身牛仔裤美女图片	0	0	1	65535	201	0	11	0	0	1	0	0	1996	
女人洗屁股	0	1	1	65535	130	0	11	0	9	0	53	0	1781	
明星 淫乱	0	0	1	65535	144	0	11	4	0	1	0	0	1987	
美女透明内裤图片	0	0	1	65535	201	0	11	1	0	1	0	0	1968	
一路向西激情床照	0	0	0	65535	65535	0	3	0	0	0	11	1	1986	
翘臀做爱	0	0	1	65535	144	0	11	0	0	1	0	2	1988	
于芷晴	0	1	1	65535	200	0	11	9	0	1	0	0	1970	
骚女人 图	0	0	1	65535	201	0	11	2	0	1	0	0	1976	
微信女人发来夜里发来的照片	0	0	0	65535	130	0	0	0	0	0	0	0	1985	
性感裸胸美女	0	0	1	65535	201	0	11	7	0	1	0	1	1975	
男人私长处啥样图片	0	0	0	65535	130	0	11	0	2	0	2	2	1998	
正常的龟头颜色	0	0	1	65535	141	0	11	0	0	1	0	0	1991	
女性阴毛分布图	0	1	1	65535	240	0	9	0	6	0	92	0	1402	
高中女生做爰图片	0	0	1	65535	201	0	0	0	0	0	0	0	1995	
色迷迷	0	0	1	65535	10	0	11	4	0	1	0	0	1994	
2014西安卖淫女	0	0	1	65535	141	0	1	0	0	0	1	0	979	
27eee依人社区图片	0	1	1	65535	65535	0	2	0	8	0	13	0	184	
初中美女短裤腿照	0	0	1	65535	271	0	0	0	0	0	0	1	1992	
泷泽萝拉露碌耐纪	0	0	1	65535	65535	0	1	0	0	0	0	0	110	
宜昌站街女	0	1	1	65535	65535	0	11	1	9	0	39	0	327	
原来如此马笑舒黑丝袜	0	0	1	65535	140	0	0	0	0	0	0	0	282	
2014武汉小姐	0	1	1	65535	140	0	4	0	7	0	81	0	1985	
美女代孕被插图	0	0	1	65535	201	0	11	0	0	0	2	0	530	
哥哥干偷拍	0	0	1	65535	140	0	11	4	0	1	0	0	1997	
大山的胸肌	0	0	0	65535	150	0	0	0	7	0	12	1	1999	
做爱动态图	0	1	1	65535	144	0	11	10	0	1	0	0	1986	
比胸图	0	0	1	65535	130	0	1	0	11	0	1086	1	1953	
关之琳被向华强玩了	1	1	0	65535	150	0	11	0	0	1	0	0	1025	
日本护士姐姐	0	0	1	65535	20	0	2	0	2	0	7	0	1993	
丝袜腿	0	0	1	65535	141	0	11	8	0	1	0	1	1995	
看见一个女的穿透明内裤	0	0	1	65535	65535	0	0	0	1	0	1	0	1979	
车上有个眼镜标志	0	0	0	11	65535	0	0	0	0	0	0	0	1983	
处女膜修复	0	0	1	65535	141	0	11	9	0	1	0	1	1983	
男人添女性下边的图	0	0	1	65535	130	0	0	0	0	0	1	0	1986	
范冰冰明星淫艳合成图	0	0	1	65535	150	0	0	0	0	0	0	0	869	
鲍莉郭京飞结婚照	0	0	0	65535	150	0	11	0	2	0	7	0	825	
马赛 艳照	0	1	1	65535	140	0	11	9	0	1	0	0	1688	
www.嗷嗷lu.net图片	0	0	0	65535	252	0	7	0	0	0	0	0	905	
艳照门图片欣赏	0	1	1	65535	140	0	8	0	11	0	623	1	1996	
调教正太bl图片	0	0	0	65535	144	0	0	0	3	0	5	0	345	
好看的自拍动作	0	0	1	65535	201	0	7	2	0	1	0	0	1973	
揉捏	0	0	1	65535	65535	0	11	3	0	1	0	1	1976	
男女床上图	0	0	1	65535	65535	0	11	0	0	1	0	4	1954	
大胆人体艺术	0	0	1	65535	142	0	11	10	0	1	0	4	1999	
人体艺术阴部重口味图	0	0	1	65535	140	0	0	0	0	0	0	2	935	
苍井空	0	0	1	65535	143	0	11	11	0	1	0	2	1994	
张翰tiffany手链	0	0	0	65535	191	0	9	0	0	0	0	0	816	
美女洞洞被插图	0	0	1	65535	201	0	11	0	0	0	0	1	567	
亚州色图片	0	1	1	65535	140	0	11	0	11	0	1451	1	1993	
捏动脉	0	0	0	65535	130	0	0	0	4	0	17	1	1983	
美女的生殖器官图	0	0	1	65535	141	0	11	0	0	1	0	2	1984	
2014灌南公路站最新动态	0	0	0	65535	65535	0	0	0	0	0	0	0	1999	
头发少头大的女生适合的发型	0	1	0	65535	192	0	0	0	6	0	12	0	234	
七月十五是牛郎和织女	0	0	0	65535	150	0	0	0	1	0	1	0	1998	
小张柏芝	0	0	1	65535	65535	0	11	5	0	1	0	0	1964	
日本mm粉木耳全图	0	0	1	65535	201	0	0	0	0	0	0	0	1575	
最大无人机多大	0	0	0	65535	65535	0	0	0	0	0	5	0	1990	
三国志不知火舞	0	1	0	65535	51	0	0	0	8	0	18	0	558	
宁波李珊	0	0	0	65535	65535	0	0	0	3	0	7	0	364	
雨宫琴音和小孩	0	0	1	65535	143	0	11	7	0	1	0	1	300	
古川いおり	0	0	1	65535	143	0	11	6	0	1	0	0	1997	
韩国性丑闻极品图片	0	0	1	65535	65535	0	0	0	0	0	0	0	374	
性感图片	0	1	1	65535	201	0	0	0	11	0	1996	0	1996	
阴道图	0	0	1	65535	141	0	11	10	0	1	0	3	1992	
阴蒂	0	1	1	65535	130	0	10	8	0	1	0	0	1871	
淫乱	0	0	1	65535	144	0	11	10	0	1	0	2	1999	
人和动物发生性行为	0	0	1	65535	65535	0	11	6	0	1	0	2	1990	
波多野结衣内涵图床戏	0	0	1	65535	140	0	1	0	0	0	0	1	900	
脱下内裤	0	0	1	65535	65535	0	11	0	0	1	0	0	1976	
美女全裸美乳图片	0	0	1	65535	141	0	11	0	0	1	0	2	1994	
黑长发动漫可爱女生	0	0	0	65535	50	0	1	0	0	0	1	0	1997	
林艳艳西安长安照片	0	0	0	65535	140	0	0	0	0	0	0	0	1175	
露出乳头	0	0	1	65535	200	0	11	0	0	1	0	0	1984	
美女全体图片	0	1	1	65535	201	0	11	9	0	1	0	0	1989	
老板抽油烟机8103	0	1	0	65535	221	0	7	0	10	0	14	0	1973	
日本情色	0	0	1	65535	144	0	11	9	0	1	0	2	1983	
哈尔滨周边湿地公园	0	0	0	65535	31	0	0	0	4	0	6	0	1997	
色你妹gif动态图片	0	0	1	65535	65535	0	11	3	0	1	0	0	14	
陆瓷推女郎	0	0	1	65535	112	0	11	5	0	1	0	0	31	
林心如照片最蚤的照片	0	0	0	65535	111	0	1	0	0	0	0	0	226	
内射护士	0	1	1	65535	144	0	10	0	8	0	58	0	609	
女人私密处裸照	0	0	1	65535	140	0	1	0	1	0	1	1	958	
女生扣逼图	0	0	1	65535	201	0	5	0	1	0	32	0	1989	
黑丝诱惑	0	0	1	65535	140	0	11	10	0	1	0	1	1998	
欧美人体艺术	0	0	1	65535	142	0	11	8	0	1	0	0	1983	
走光不慎见到毛图	0	0	1	65535	140	0	5	1	0	0	0	0	101	
寿光赵杨	0	0	0	65535	65535	0	0	0	0	0	0	0	1996	
苹果5解锁数字改成照片	0	0	0	65535	65535	0	0	0	0	0	0	0	1998	
美女最暴露图片	0	0	1	65535	52	0	11	0	0	1	0	1	1991	
柯震东公益露鸟照	0	0	0	65535	65535	0	0	0	0	0	0	0	1945	
吸允她胸前的樱桃图片	0	0	0	65535	65535	0	0	0	0	0	0	0	308	
色逼图片	0	0	1	65535	65535	0	11	2	0	1	0	0	1990	
男人和女人	0	1	1	65535	130	0	11	9	0	1	0	0	1998	
胡丽莉裸图片	0	0	1	65535	65535	0	2	0	0	0	0	0	970	
男女色情照	0	1	1	65535	140	0	11	1	3	0	59	1	1993	
我和妈妈	0	0	1	65535	200	0	11	4	0	1	0	0	1994	
动漫美少女被虐动态	0	0	1	65535	50	0	10	0	1	0	21	0	1996	
眼保健操	0	1	0	65535	144	0	11	7	0	1	0	0	1993	
梵菲服饰	0	0	0	65535	191	0	0	0	1	0	2	0	405	
中国男模全裸写真	0	0	1	65535	141	0	0	0	6	0	75	1	1979	
美女集中营	0	0	1	65535	200	0	11	6	0	1	0	1	1994	
潘玮柏邀粉丝拍床照	0	1	1	65535	111	0	0	0	7	0	11	0	260	
唐诗综合症成人图片	0	0	1	65535	140	0	0	0	0	0	0	0	1801	
赵文琪不文雅照片图	0	0	1	65535	150	0	11	6	0	1	0	0	245	
女人的黑洞被扒开图	0	0	0	65535	111	0	0	0	0	0	0	0	469	
丹东张赢天父亲照片	0	0	0	65535	200	0	0	0	0	0	0	0	336	
吸血鬼日记4克劳斯	1	1	0	65535	51	0	11	0	0	1	0	0	1985	
游戏功能表的图`	0	0	0	65535	60	0	0	0	1	0	3	0	1990	
裸体阴茎图片	0	0	1	65535	141	0	11	0	0	1	0	1	1966	
欧美三级片图片	0	0	1	65535	140	0	11	0	0	1	0	1	1995	
骚逼老婆图	0	0	1	65535	141	0	2	0	0	0	1	0	190	
性爱图片 图片大全	0	0	1	65535	144	0	10	2	0	1	0	1	2000	
休杰克曼床戏	0	0	1	65535	140	0	10	0	4	0	45	1	1983	
下一个打老虎是谁	0	0	0	65535	101	0	2	0	2	0	3	0	1994	
高三女生乳房图片	0	0	1	65535	141	0	0	0	0	0	82	0	1993	
美女大胆人体	0	0	1	65535	141	0	11	0	0	1	0	0	1988	
亚洲淫淫色图	0	0	1	65535	140	0	0	0	3	0	5	0	1997	
艺米s9	0	0	0	65535	65535	0	1	0	0	0	1	0	1075	
力高阳光海滩	0	1	0	65535	30	0	3	0	5	0	19	0	238	
王均谣老婆图片	0	0	0	65535	200	0	0	0	0	0	0	0	536	
小浪	0	0	1	65535	160	0	11	0	0	1	0	0	1992	
张依依	0	1	1	65535	150	0	11	11	0	1	0	0	1991	
全裸视频(男女)	0	0	1	65535	141	0	11	0	11	0	418	2	1987	
地铁偷拍	0	0	1	65535	140	0	9	1	0	1	0	0	1836	
动漫御姐禁区受虐动态图	0	0	1	65535	50	0	0	0	0	0	0	0	852	
全裸图片	0	1	1	65535	200	0	11	7	0	1	0	0	1989	
美女裸体洗浴照	0	0	1	65535	141	0	9	0	0	0	8	0	1987	
cf灵狐者被僵尸吃乳房	0	0	1	65535	141	0	0	0	0	0	0	0	1992	
h漫画	0	1	1	65535	140	0	11	11	0	1	0	0	1991	
信哥大战黑丝女	0	0	1	65535	140	0	0	0	0	0	0	1	1991	
动漫美女黄漫图片	0	0	1	65535	51	0	11	11	0	1	0	2	95	
奶奶和孙子	0	0	1	65535	200	0	11	0	0	1	0	0	1989	
阴茎	0	0	1	65535	141	0	11	6	0	1	0	0	1999	
王天来的老婆	0	0	0	65535	200	0	0	0	1	0	3	0	882	
上床 图	0	0	1	65535	65535	0	1	1	0	1	0	0	1980	
梦桐大胆会阴照	0	0	1	65535	130	0	0	0	0	0	0	1	1984	
两周女宝宝发型图	0	0	0	65535	192	0	1	0	2	0	2	0	1428	
h漫	0	0	1	65535	65535	0	11	10	0	1	0	1	146	
色女孩	0	1	1	65535	201	0	11	7	0	1	0	0	1694	
snapgram	0	0	0	65535	65535	0	11	0	3	0	13	0	1997	
男男漫画	0	0	1	65535	50	0	11	6	0	1	0	0	1987	
郭京飞的皮肤	0	1	0	65535	130	0	5	0	8	0	14	0	394	
人物画家郭建军	0	0	0	65535	111	0	0	0	2	0	9	0	328	
高中女神妹子照	0	0	0	65535	271	0	0	0	0	0	2	0	1965	
网游之猛龙过江女主角	0	0	0	65535	60	0	0	0	0	0	0	0	1989	
脚奴	0	0	1	65535	65535	0	11	8	0	1	0	1	20	
各种宝石的寓意及图片	0	0	0	65535	65535	0	6	0	0	0	0	0	1998	
古代床吻戏脱戏吻胸	0	0	1	65535	65535	0	6	0	0	0	1	0	1994	
bloves女表	0	0	0	65535	240	0	0	0	0	0	3	0	1881	
美女漫画	0	1	1	65535	50	0	11	10	0	1	0	0	1995	
被迫穿女装做女秘书	0	0	1	65535	201	0	0	0	0	0	0	0	289	
杏眼怎么画眼线	0	1	0	65535	192	0	11	0	7	0	10	0	303	
刘亦菲扒开穴图片	0	0	1	65535	192	0	0	0	0	0	0	0	556	
难得一见的精品美鲍鱼	0	1	1	65535	140	0	10	0	4	0	6	0	950	
koujiao	0	1	1	65535	65535	0	11	7	0	1	0	0	1355	
深爱激情网 亚洲色图	0	0	1	65535	140	0	1	0	0	0	0	0	2000	
大胆人体系艺人图片	0	0	1	65535	141	0	11	7	0	1	0	1	1997	
人体艺术摄影	0	0	1	65535	142	0	11	11	0	1	0	0	1997	
美女裸女照林雅视频	0	0	0	65535	141	0	2	0	0	0	0	0	846	
装在吊篮里的植物图片	0	0	0	65535	111	0	0	0	0	0	0	0	1996	
安徽交通广播张奥	0	0	0	65535	65535	0	3	0	3	0	3	0	1536	
翁虹	0	1	1	65535	150	0	11	11	0	1	0	0	1990	
大图美女图片	0	1	1	65535	201	0	0	0	11	0	1478	0	1996	
陈霞遇害衣着照片	0	0	0	65535	65535	0	11	2	0	0	1	1	854	
安徽刘宇500强书画	0	0	0	65535	111	0	0	0	2	0	2	0	1110	
骚少妇诱惑图片	0	0	1	65535	201	0	11	0	2	0	42	0	1984	
吉泽明步无码图片流出	0	0	1	65535	140	0	11	3	0	1	0	0	1497	
漫画h大全禁图片耽美	0	0	0	65535	50	0	0	0	0	0	0	0	969	
男女下体进进出出图片	0	0	1	65535	140	0	0	0	0	0	2	0	1360	
世上最性感美女	0	0	1	65535	201	0	3	0	11	0	402	2	1990	
阴茎有多大	0	0	1	65535	141	0	11	0	0	1	0	2	1988	
俄罗斯美女含精图	0	1	1	65535	201	0	11	11	0	1	0	1	135	
都市淫乱	0	0	1	65535	144	0	11	5	0	1	0	1	1993	
女人吃男人精子图片	0	0	1	65535	130	0	11	3	0	1	0	0	1992	
熟女	0	0	1	65535	200	0	11	9	0	1	0	1	1997	
女性身体痣相图	0	0	1	65535	130	0	0	0	2	0	37	0	159	
少妇龙腾	0	0	1	65535	141	0	11	0	6	0	26	0	821	
奸情	0	0	1	65535	144	0	2	1	0	0	0	0	1994	
黑色丝袜	0	0	1	50	65535	0	11	10	0	1	0	1	1993	
泰国按摩	0	0	1	65535	200	0	11	3	0	1	0	0	1975	
偷拍美女全透明内裤图	0	0	1	65535	140	0	0	0	0	0	0	0	62	
一月困19岁巨乳学生图片	0	0	0	65535	141	0	0	0	0	0	0	0	576	
怀孕六个半月男宝肚子图	0	0	0	65535	130	0	0	0	3	0	3	0	1996	
哥哥射亚洲图片	0	0	1	65535	31	0	7	0	0	0	1	0	1993	
下圆的脸型适合什么发型	0	0	0	65535	192	0	0	0	1	0	4	0	1998	
和妈妈做爱图	0	0	1	65535	144	0	11	0	0	1	0	1	1992	
纳米露毛女内裤	0	0	1	65535	65535	0	0	0	0	0	0	0	1993	
左仓绊	0	0	0	65535	65535	0	2	0	1	0	1	0	763	
色色爱	0	0	1	65535	200	0	11	0	0	1	0	0	1993	
sm	0	0	1	65535	65535	0	7	2	0	1	0	0	1983	
刘亦菲裸照	0	0	1	65535	200	0	11	9	0	1	0	1	1986	
美女短裙	0	1	1	65535	200	0	11	9	0	1	0	0	1991	
妖精的尾巴歌曲的谱子	0	0	0	65535	120	0	0	0	0	0	0	0	2	
性感内裤	0	0	1	65535	201	0	11	7	0	1	0	1	1949	
小泽玛丽娅	0	0	1	65535	200	0	11	6	0	1	0	0	1983	
美女图片裸女照林雅图片 视频	0	0	0	65535	141	0	11	0	0	0	0	1	645	
黑夜弯弯小路图	0	0	0	65535	65535	0	0	0	0	0	0	0	1992	
vivix3s	0	0	0	65535	65535	0	0	0	0	0	4	0	1426	
美女屁屁图	0	0	1	65535	200	0	11	8	0	1	0	2	1975	
性感美女图库	0	0	1	65535	200	0	11	0	0	1	0	0	1997	
初中男孩穿吊带内衣	0	0	0	65535	191	0	0	0	4	0	4	0	1155	
极度诱惑之街头湿女	0	0	1	65535	65535	0	11	6	0	1	0	1	1981	
城堡密室逃亡攻略图解	0	0	0	65535	32	0	0	0	2	0	10	0	1992	
蕾雅 赛杜裸体	0	0	1	65535	141	0	11	0	0	1	0	0	102	
孕妇睡垫	0	1	1	65535	130	0	11	0	11	0	319	0	1357	
马雪阳霍建华	0	0	0	65535	150	0	7	0	3	0	5	0	121	
电影带有激情的	0	0	1	65535	65535	0	0	0	7	0	117	2	1994	
做爱	0	1	1	65535	144	0	11	11	0	1	0	1	1998	
阴道里区 图	0	0	1	65535	141	0	11	3	0	1	0	1	549	
亚洲清纯美女性爱色图	0	0	1	65535	140	0	0	0	0	0	0	0	1997	
梁咏琪走光照	0	1	1	65535	140	0	11	1	11	0	318	0	1992	
人体欣赏下沟沟毛毛	0	0	1	65535	141	0	0	0	0	0	6	0	1993	
美女睡觉被绑图片	0	0	0	65535	201	0	2	0	2	0	7	1	1988	
帅哥晚上同床搞基图片	0	0	1	65535	201	0	0	0	0	0	0	0	1992	
引用引用引用引用爽	0	1	1	65535	65535	0	0	0	11	0	255	0	1981	
盛世商图模特公司的女模特	0	0	0	65535	272	0	0	0	0	0	0	1	1998	
日照新闻丁敏私密照	0	0	1	65535	65535	0	0	0	0	0	0	0	3	
舒淇最想删去的照片	0	0	1	65535	150	0	11	11	0	1	0	5	1423	
亚洲成性爱人网站图片	0	0	0	65535	144	0	9	0	0	0	0	1	366	
黄情图片	0	1	1	65535	65535	0	11	0	11	0	1739	0	1750	
www4444kkcome图片	0	0	0	65535	252	0	0	0	2	0	2	0	2	
米菲兔的画法	0	1	0	65535	192	0	0	0	7	0	8	0	197	
乳房	0	0	1	65535	141	0	11	11	0	1	0	3	1995	
张惠妹被多少人玩过	0	0	0	65535	150	0	11	2	3	0	15	0	844	
	1	1	0	65535	65535	0	0	0	0	0	0	0	962	
女肉畜	0	0	1	65535	65535	0	11	0	0	1	0	0	526	
张开印	0	0	1	65535	65535	0	11	9	0	1	0	2	1969	
梦鸽性感写真	0	0	0	65535	201	0	4	0	8	0	19	1	1996	
色图片	0	1	1	65535	140	0	11	7	0	1	0	0	1999	
亲蜜情人之无限诱惑	0	0	1	65535	200	0	11	2	0	1	0	0	166	
性伴侣最多的女人	0	0	1	65535	201	0	4	0	2	0	7	1	1972	
非诚勿扰6号女嘉宾胸	0	0	0	65535	65535	0	0	0	0	0	0	0	706	
阴道是什么样子图片	0	0	1	65535	141	0	10	6	0	1	0	1	1999	
男孩光图片	0	0	1	65535	65535	0	11	0	0	1	0	3	1986	
男人插女人图片图	0	0	1	65535	130	0	11	2	0	1	0	1	1991	
橹橹亚洲色图	0	0	1	65535	140	0	0	0	0	0	0	0	826	
熟女性交	0	0	1	65535	144	0	11	4	0	1	0	0	1993	
白丝	0	1	1	65535	200	0	11	11	0	1	0	0	1978	
女秘书被上司潜规	0	0	0	65535	120	0	0	0	1	0	5	1	251	
绵阳开元中学	1	1	0	65535	271	0	11	0	0	1	0	0	1996	
丁香五月图片	0	0	1	65535	150	0	11	2	0	1	0	0	1993	
色戒大尺度剧照图	0	0	1	30	70	0	11	2	0	1	0	2	1446	
海贼王女帝被黑胡子h	0	0	0	65535	51	0	5	0	0	0	0	0	1993	
美女稞身浇澡照	0	0	0	65535	201	0	0	0	0	0	0	0	1224	
莆田东桥车祸	0	0	0	65535	32	0	0	0	3	0	3	0	1289	
女人曝光全身的图片	0	0	1	65535	111	0	11	0	0	1	0	0	1998	
处膜吧	0	0	1	65535	130	0	0	0	4	0	48	0	243	
余鸿之妻子	0	0	0	65535	200	0	7	0	1	0	1	0	57	
国家十三五规划铁路	0	0	0	65535	65535	0	11	0	2	0	5	0	1257	
偷看美女冲凉图片	0	1	1	65535	201	0	5	0	11	0	290	0	1978	
国模戴琳人体私拍图	0	0	1	65535	141	0	11	0	5	0	5	0	44	
叶子楣	0	0	1	65535	150	0	11	9	0	1	0	2	1947	
阿sa 阿娇	0	0	1	65535	150	0	11	0	0	1	0	0	1995	
张柏芝照艳原图全集	0	1	1	65535	140	0	11	11	0	1	0	1	1983	
千付的爱	0	0	0	65535	65535	0	0	0	0	0	2	0	1995	
胸罩太小	0	1	1	65535	65535	0	11	0	10	0	81	0	1982	
女人喜欢被舔逼	0	0	1	65535	111	0	0	0	0	0	0	0	1998	
透明浴服	0	0	0	65535	65535	0	0	0	5	0	14	0	481	
维尼夫妇高h	0	0	1	65535	65535	0	0	0	0	0	0	0	1990	
俞郁亮全身照	0	0	1	65535	65535	0	0	0	0	0	0	0	5	
女式锦纶丝袜	0	0	1	65535	191	0	11	0	0	1	0	0	1985	
张筱雨人体艺高清	0	0	1	65535	141	0	11	0	0	1	0	3	1981	
成人huangsetupian	0	0	1	65535	140	0	1	0	11	0	502	1	1999	
护士丝袜美女图片	0	0	1	65535	201	0	11	0	0	1	0	1	1984	
世界上最大鸡巴是多大	0	0	0	65535	141	0	11	0	0	0	1	0	1997	
现代,hg300	0	0	0	65535	65535	0	3	0	0	0	0	0	1991	
大色网,亚洲色图	0	0	1	65535	140	0	2	0	1	0	1	0	434	
中国最大的老虎蛤蟆	0	0	0	65535	65535	0	11	1	0	0	0	0	1984	
韩国性感车模图片	0	0	1	65535	201	0	11	4	0	1	0	1	1997	
徐彪女朋友	0	0	0	65535	70	0	11	2	0	0	0	0	91	
透明内裤美女性感	0	0	1	65535	201	0	11	1	0	1	0	1	1960	
清纯美少女	0	0	1	65535	201	0	11	3	0	1	0	0	1999	
成人综合激情	0	0	1	65535	140	0	11	0	0	1	0	0	1993	
欧美做爱图片	0	0	1	65535	144	0	11	6	0	1	0	2	2000	
清纯美少女	0	0	1	65535	201	0	11	4	0	1	0	0	1999	
艾美琦不雅照	0	0	1	65535	140	0	11	2	0	1	0	0	1948	
作爱图片	0	0	1	65535	65535	0	11	5	0	1	0	3	1990	
裸乳房无遮挡图	0	0	1	65535	141	0	6	0	3	0	6	2	434	
性感老师写真	0	0	1	65535	201	0	11	0	0	1	0	0	1988	
欧美淫 图	0	0	1	65535	65535	0	11	0	0	1	0	0	1216	
进进出出肉棒图	0	0	0	65535	65535	0	10	1	5	0	15	1	58	
董文华裸体照片图	0	0	1	65535	141	0	8	0	5	0	25	0	265	
偷拍少女如厕图	0	0	1	65535	140	0	11	0	0	1	0	1	1978	
干露露被强吻揉胸	0	0	0	65535	65535	0	10	1	5	0	10	1	92	
大胸	0	0	1	65535	141	0	11	11	0	1	0	2	1998	
恶作剧之吻床戏	0	0	1	65535	140	0	11	0	0	1	0	1	1518	
女人被强奸射精图片	0	0	1	65535	144	0	1	0	0	0	1	1	206	
淫妇	0	0	1	65535	141	0	11	10	0	1	0	1	1996	
口交动作	0	0	1	65535	144	0	11	0	0	1	0	0	1972	
同志网站同志图片	0	1	1	65535	252	0	5	0	11	0	1192	0	1945	
驴干美女	0	0	1	65535	201	0	1	0	1	0	21	0	1994	
色咪情网图片大全 图 图	0	0	0	65535	65535	0	0	0	0	0	0	0	266	
女性下体照片	0	0	1	65535	140	0	11	2	0	1	0	2	1978	
静乐老海照片	0	0	0	65535	65535	0	8	0	2	0	2	1	140	
王昭君雪臀乳头	0	0	1	65535	141	0	0	0	0	0	0	0	157	
xing交图	0	1	1	65535	65535	0	11	0	10	0	80	0	1982	
色姐妹另类图片	0	0	1	65535	65535	0	0	0	0	0	3	0	1987	
男人自慰过程图片	0	0	1	65535	144	0	11	1	0	1	0	1	1996	
欧美老奶奶和孙子	0	0	1	65535	200	0	11	1	0	1	0	0	1978	
夜夜橹图片	0	1	1	65535	65535	0	11	1	7	0	16	1	904	
灰丝袜	0	0	1	65535	65535	0	11	9	0	1	0	1	1981	
男模特大鸟图片	0	0	1	65535	201	0	11	10	0	1	0	1	1969	
三星1108手机	0	0	0	65535	211	0	0	0	0	0	2	0	1986	
真人性爱图	0	0	1	65535	144	0	11	2	0	1	0	1	1988	
男女H峦计	0	0	1	65535	144	0	0	0	0	0	0	0	23	
性感美人单身寂寞私房内衣	0	0	1	65535	191	0	11	6	0	1	0	0	1997	
牛仔裤美女高清图片	0	0	1	65535	201	0	11	3	0	1	0	0	1996	
兰雀牌净水机价格图片	0	0	0	65535	130	0	0	0	1	0	4	0	1158	
六边形2048攻略图片	0	0	0	65535	65535	0	0	0	0	0	5	0	813	
阿v小次郎	0	0	0	65535	51	0	5	0	3	0	7	0	1998	
云白穴	0	0	1	65535	130	0	2	0	1	0	21	0	232	
陈冠希淫照事件	0	1	1	65535	280	0	11	0	3	0	98	1	1990	
大色妞图	0	0	1	65535	65535	0	2	0	10	0	135	1	913	
夜店dj打碟霸气女图片	0	0	0	65535	65535	0	0	0	0	0	3	0	1999	
狼友	0	0	1	65535	200	0	11	6	0	1	0	3	808	
不一样的美男子伞	0	0	0	65535	65535	0	0	0	0	0	0	0	1988	
月子菜谱大全带图片	0	0	0	65535	101	0	0	0	0	0	0	0	1970	
两个圈圈是什么品牌	0	1	0	65535	272	0	6	0	6	0	12	0	1999	
张萌裸照	0	0	1	65535	140	0	11	1	0	1	0	1	895	
荡妇做爱图片	0	0	1	65535	144	0	11	0	0	1	0	1	1323	
第四色图片	0	0	1	65535	70	0	11	4	0	1	0	0	1956	
蜜桃成熟时1997高清	0	0	1	65535	200	0	11	5	0	1	0	1	1264	
杨幂裸体	0	0	1	65535	141	0	11	9	0	1	0	2	1994	
寂寞少妇做爱	0	0	1	65535	144	0	11	0	0	1	0	2	1986	
夫妻	0	1	1	10	65535	0	11	10	0	1	0	0	1992	
可爱的女人	0	0	1	65535	200	0	11	1	0	1	0	0	1995	
qq女生励志签名	0	1	0	65535	201	0	1	0	5	0	12	0	1445	
节目录制现场	0	0	1	65535	70	0	11	0	0	1	0	0	1998	
美女图片性感	0	1	1	65535	201	0	5	0	11	0	1995	0	1999	
超短裙奇单车泄低图片	0	0	1	65535	130	0	0	0	0	0	0	0	1994	
脸脸于洋个人资料图片	0	0	0	65535	65535	0	0	0	2	0	2	0	207	
黄色操逼图片	0	0	1	50	144	0	11	0	0	1	0	2	591	
中国女孩疯狂自慰	0	0	0	65535	144	0	11	0	0	0	1	1	1998	
每周质量报告整容失败	0	0	0	65535	130	0	0	0	0	0	0	0	1987	
女优做爱图	0	0	1	65535	144	0	11	2	0	1	0	2	1985	
大学女教师诱惑	0	0	0	65535	271	0	1	0	0	0	5	0	1988	
阴唇大	0	0	1	65535	141	0	11	0	0	1	0	1	1968	
菱形脸的女星侧面图	0	0	0	65535	65535	0	0	0	0	0	0	0	1390	
人与猪交配图片	0	0	1	65535	144	0	11	4	0	1	0	0	1974	
阴道里区图图	0	0	0	65535	141	0	1	0	0	0	0	0	1	
腿模sara蓝丝	0	0	0	65535	141	0	2	0	1	0	1	0	89	
余幼幼	0	0	1	65535	65535	0	11	6	0	1	0	0	543	
女性外生殖器真人图片	0	0	1	65535	141	0	11	8	0	1	0	0	1974	
做爱图	0	1	1	65535	144	0	11	11	0	1	0	1	1985	
mn美女	0	0	1	65535	65535	0	11	4	0	1	0	0	1992	
姐姐	0	0	1	65535	65535	0	10	5	0	1	0	0	1993	
日本性感	0	0	1	65535	201	0	11	5	0	1	0	3	1992	
蔡慧敏	0	0	1	65535	150	0	11	11	0	1	0	2	1977	
丝袜美腿	0	0	1	65535	141	0	11	11	0	1	0	1	1999	
欧美美女	0	0	1	65535	201	0	11	10	0	1	0	1	1996	
全日本国民美少女	0	0	1	65535	150	0	8	0	0	1	0	0	1913	
莫利亚提扮演者	0	0	0	65535	65535	0	7	1	2	0	3	0	790	
色18不禁大图图图	0	0	1	65535	130	0	1	0	0	0	0	0	2000	
模特图片	0	0	1	65535	201	0	11	5	0	1	0	0	1994	
欧美爱爱	0	0	1	65535	144	0	11	0	0	1	0	2	1994	
徐欧仪整容前	0	0	0	65535	65535	0	2	0	0	0	0	0	6	
灌篮高手 樱木 流川枫 拍手 漫画	0	0	0	65535	50	0	0	0	0	0	0	0	1989	
重口味林宝儿	0	0	0	65535	140	0	4	0	3	0	3	0	1184	
香港黄业裸体图	0	0	1	65535	141	0	2	0	2	0	5	0	1994	
高行美人体艺术	0	0	1	65535	142	0	11	0	8	0	23	1	32	
高行美人体艺术	0	0	1	65535	142	0	10	0	9	0	23	1	32	
骚	0	1	1	65535	65535	0	11	10	0	1	0	0	1997	
制服丝袜	0	1	1	65535	191	0	11	11	0	1	0	1	1991	
裸体	0	0	1	65535	141	0	11	11	0	1	0	5	1995	
少妇白姐	0	0	1	65535	141	0	10	0	10	0	115	1	165	
胸	0	1	1	65535	65535	0	11	11	0	1	0	1	1971	
女子阴道真人图	0	0	1	65535	141	0	11	0	5	0	14	4	248	
高贵的美妇	0	1	1	65535	65535	0	11	0	11	0	1852	0	1993	
少妇吸毒图片	0	0	1	65535	141	0	1	0	11	0	427	0	1989	
苍井空做爱图片	0	0	1	65535	144	0	11	3	0	1	0	2	1813	
97美女图片裸女照	0	0	1	65535	141	0	0	0	0	0	0	0	1992	
王仁海尚岚图片	0	0	0	65535	150	0	1	0	1	0	1	0	379	
爱操逼	0	0	1	65535	144	0	11	5	0	1	0	1	1990	
李玟的峦计	0	0	1	65535	150	0	0	0	0	0	0	2	115	
东菀性都夜店美女照片	0	0	1	65535	201	0	0	0	0	0	0	0	1997	
蛇姬女帝被路飞轮图	0	1	0	65535	65535	0	10	3	4	0	13	0	50	
美国色图	0	0	1	65535	140	0	11	5	0	1	0	0	1991	
空姐飞机上穿情趣内衣	0	0	1	65535	170	0	0	0	0	0	0	2	1983	
最大胆量美女阴部实图	0	0	1	65535	141	0	11	6	0	1	0	0	1890	
古装美女图	0	0	1	65535	111	0	11	3	0	1	0	0	1990	
黄色漫画	0	1	1	50	50	0	11	11	0	1	0	1	1986	
美女人体大胆艺术	0	0	1	65535	141	0	11	0	0	1	0	1	1995	
双性人	0	0	1	65535	200	0	8	3	0	1	0	0	1855	
自慰方法图解女	0	1	1	65535	144	0	4	0	5	0	57	0	1993	
涿州市浪女	0	0	1	65535	141	0	0	0	1	0	170	0	1912	
	0	0	1	65535	65535	0	10	10	0	1	0	4	163	
青少午衬衫	0	0	0	65535	65535	0	0	0	0	0	0	0	49	
jz民情妇	0	0	0	65535	65535	0	0	0	0	0	0	0	173	
美女被吸奶动态图	0	0	1	65535	140	0	2	0	0	0	14	0	1983	
洁衣女	0	1	1	65535	65535	0	0	0	10	0	89	0	999	
动漫男女叉叉动态图片	0	0	1	65535	50	0	0	0	1	0	1	0	24	
lol女英雄被艹图	0	0	0	65535	65535	0	0	0	0	0	5	0	2000	
中北大学校草	0	1	0	65535	271	0	2	0	5	0	13	0	124	
李玟艳裸体	0	0	1	65535	141	0	1	0	0	0	0	0	6	
公交车上的奶水	0	1	1	65535	170	0	7	0	6	0	22	0	1482	
日本性感裸照	0	0	1	65535	140	0	11	0	0	1	0	1	1988	
哥哥的大鸡巴好厉害	0	0	1	65535	141	0	4	0	2	0	4	0	1991	
美女走大光毛毛	0	0	0	65535	201	0	0	0	0	0	0	0	1996	
水浒传25集床戏	0	0	0	65535	140	0	0	0	0	0	0	1	253	
荷包逼	0	0	0	65535	65535	0	1	0	1	0	19	0	1996	
折磨女	0	0	1	65535	60	0	11	2	0	1	0	0	905	
富婆玩死男妓图片	0	0	1	65535	65535	0	11	1	0	1	0	2	914	
姐姐grace	0	1	1	65535	32	0	11	10	0	1	0	0	1954	
日本十大av女优	0	0	1	65535	143	0	11	0	0	1	0	0	1991	
欧美女星	0	1	1	65535	200	0	11	11	0	1	0	0	1994	
大胸女神图片	0	0	1	65535	141	0	11	5	0	1	0	1	1995	
女王性调教美男	0	0	1	65535	144	0	0	0	0	0	0	0	1994	
找小姐	0	1	1	65535	140	0	11	9	0	1	0	0	1987	
美乳嫩模klk人体	0	0	1	65535	141	0	0	0	0	0	0	0	1979	
正常的阴道里区图	0	0	0	65535	141	0	0	0	0	0	0	1	99	
麻生希裸体写真	0	0	1	65535	141	0	0	0	1	0	1	0	232	
秦腔四贤册杯儿里曲谱	0	0	0	65535	65535	0	0	0	0	0	0	0	305	
www.499ee图片	0	0	0	65535	252	0	0	0	0	0	0	0	74	
美人体	0	0	1	65535	141	0	11	4	0	1	0	0	1999	
美人体	0	0	1	65535	141	0	11	9	0	1	0	0	1993	
唉博啦病毒	0	0	0	65535	251	0	0	0	0	0	0	0	2000	
丝袜内衣秀	0	0	1	65535	200	0	11	0	0	1	0	2	1989	
性生殖嚣对比图	0	0	0	65535	65535	0	4	0	0	0	0	1	71	
港星陈静艳照图	0	1	1	65535	140	0	2	0	6	0	43	0	249	
承德薰衣草	0	0	0	65535	90	0	7	0	1	0	16	0	1695	
松岛枫轮奸颜射图片	0	0	1	65535	144	0	0	0	0	0	0	0	718	
陈冠希事件完整照片	0	1	1	65535	150	0	11	10	0	1	0	0	1979	
av天堂图片	0	0	1	65535	144	0	11	2	0	1	0	0	1995	
新视频4无码图片	0	0	1	65535	140	0	0	0	0	0	0	3	1275	
日本美女图片	0	1	1	65535	201	0	11	7	0	1	0	0	1995	
www,66xoxocom图片	0	0	0	65535	252	0	0	0	0	0	0	0	30	
男友泄露艳照	0	1	1	65535	140	0	0	0	11	0	292	0	1979	
热色情图片裸照	0	0	1	65535	140	0	0	0	0	0	5	0	1995	
波霸	0	0	1	65535	200	0	11	9	0	1	0	1	1998	
韩国网拍小美女	0	0	0	65535	111	0	0	0	0	0	1	0	138	
诱惑美臀	0	0	1	65535	141	0	11	4	0	1	0	2	1980	
鸽子眼睛长鸽豆图	0	0	0	65535	101	0	0	0	0	0	1	0	394	
姐汁妹汁	0	1	0	65535	100	0	8	1	6	0	6	0	86	
希志爱野图	0	1	1	65535	143	0	5	0	10	0	51	0	130	
壮汉父亲与稚嫩女儿	0	1	0	65535	200	0	11	0	7	0	7	0	27	
火影女性禁部受胀	0	0	0	65535	65535	0	11	1	0	0	1	1	146	
单点简cng压阀图	0	0	0	65535	65535	0	0	0	0	0	0	0	1849	
高杨一莎胸图	0	1	1	65535	192	0	10	3	5	0	14	0	106	
缘之空4优酷	0	0	0	65535	52	0	0	0	0	0	0	0	19	
长沙长沙中国南方航空旁边的公园	0	0	0	65535	30	0	0	0	0	0	0	0	1996	
少女穿短裙打野战图片	0	0	1	65535	60	0	0	0	0	0	0	0	308	
山西乱伦母子	0	0	1	65535	144	0	11	2	0	1	0	0	760	
百 性 阁 艳照门	0	0	1	65535	140	0	0	0	0	0	1	0	1992	
杨幂露胸图	0	0	1	65535	200	0	11	0	0	1	0	0	1992	
人兽图片	0	0	1	65535	144	0	11	3	0	1	0	0	1993	
撸撸色亚洲色图	0	1	1	65535	140	0	11	0	1	0	16	1	1886	
美女裸体艺术图	0	0	1	65535	141	0	11	1	0	1	0	4	1985	
强奸蕾丝打底裤美女	0	0	1	65535	144	0	0	0	0	0	0	0	1991	
美女嫩阴图	0	0	1	65535	201	0	0	0	0	0	1	2	53	
男生喜欢亲下边图片	0	0	1	65535	65535	0	0	0	2	0	10	0	1993	
阿娇吃鸡照艳全集	0	0	1	65535	101	0	11	5	0	1	0	0	976	
女人逼图	0	0	1	65535	201	0	11	2	0	1	0	1	1976	
南京 陈海龙	0	0	0	65535	51	0	1	0	1	0	8	0	217	
私处人体艺术	0	0	1	65535	142	0	11	2	0	1	0	3	2000	
夜夜撸撸社图片	0	1	1	65535	65535	0	2	0	8	0	10	0	401	
私处人体艺术	0	0	1	65535	142	0	11	2	0	1	0	2	1986	
祁东张晨	0	0	0	65535	65535	0	0	0	0	0	0	0	1998	
日处女流血图	0	0	1	65535	141	0	1	0	1	0	5	0	1976	
www44gegecom图片	0	0	0	65535	252	0	0	0	3	0	8	0	1215	
动漫美女	0	1	1	65535	51	0	11	11	0	1	0	0	1689	
非洲阿尔法	0	0	0	65535	51	0	0	0	3	0	11	0	1996	
amandaseyfried性感	0	1	1	65535	201	0	0	0	8	0	44	0	1991	
女性用手自慰图	0	0	1	65535	144	0	11	0	1	0	3	2	1989	
女生如何自慰	0	0	1	65535	144	0	11	2	0	1	0	0	1999	
美女露逼	0	0	1	65535	201	0	11	7	0	1	0	1	1991	
男人手淫时射精时的表情	0	0	1	65535	144	0	0	0	0	0	0	0	1996	
讯景r7240	0	1	0	65535	250	0	5	0	6	0	7	0	21	
ferman的妈妈	0	0	0	65535	200	0	0	0	0	0	0	0	9	
挪迮人的肛门图片	0	0	1	65535	130	0	0	0	0	0	0	0	1969	
妹妹的奶	0	0	1	65535	65535	0	11	0	0	1	0	0	1992	
古剑奇谭杨幂鼻子整容	0	0	0	65535	60	0	0	0	0	0	0	0	1295	
刮阴过程图	0	1	0	65535	130	0	11	1	2	0	2	1	315	
泰国小萝莉moran混血女孩	0	0	0	65535	201	0	0	0	0	0	0	0	5	
美女美穴 图片	0	0	1	65535	141	0	11	1	0	1	0	0	119	
关于埃尔非铁塔黑白黑白图图	0	0	0	65535	65535	0	0	0	0	0	0	0	39	
老汉征服留守美妇	0	0	0	65535	65535	0	0	0	0	0	0	0	1998	
性感暴露女神图	0	1	1	65535	201	0	10	0	11	0	351	0	1986	
女人吃男人鸡	0	1	1	65535	130	0	9	0	6	0	86	0	1989	
外国人做爱图	0	0	1	65535	144	0	11	0	0	1	0	0	1992	
漫画h很黄	0	0	1	65535	50	0	11	4	0	1	0	0	1996	
漫画h很黄	0	0	1	65535	50	0	11	4	0	1	0	0	1994	
想看女人的那东西图片	0	0	0	65535	130	0	0	0	0	0	0	0	2000	
棵女可看清三点图片	0	0	0	65535	65535	0	0	0	0	0	0	0	1997	
海天盛筵孙静雅艳照	0	0	1	65535	140	0	4	0	9	0	164	1	904	
美胸翘臀美丽女生图片	0	0	1	65535	141	0	1	0	0	0	1	3	1167	
赵奕欢图片	0	1	1	65535	150	0	11	10	0	1	0	0	1979	
国模汤芳生 殖器十展示图	0	0	0	65535	142	0	0	0	0	0	0	0	13	
阿娇	0	1	1	65535	150	0	11	9	0	1	0	0	1989	
蝴蝶谷	0	1	1	65535	65535	0	11	9	0	1	0	0	1990	
亚洲成本人网亚洲图片	0	0	1	65535	65535	0	11	0	0	0	7	0	1988	
男女生殖交接图片	0	0	1	65535	201	0	0	0	0	0	2	0	1994	
阴道	0	0	1	65535	141	0	11	8	0	1	0	1	1997	
欧美成人口乱15p图	0	0	1	65535	140	0	4	0	0	0	2	1	1992	
殷桃文强床照艳照	0	0	1	65535	140	0	0	0	0	0	0	0	42	
中国好声音美女裸体照	0	0	1	65535	141	0	0	0	0	0	0	0	1991	
剑伤钢琴谱	0	0	0	65535	111	0	1	1	3	0	3	0	3	
警察扫黄图片全裸照	0	0	0	65535	140	0	0	0	2	0	2	1	461	
姐汁漫画	0	0	1	65535	50	0	11	2	0	1	0	0	302	
jackjones迷彩皮衣	0	0	0	65535	65535	0	0	0	0	0	1	0	1984	
人休摄影艺术	0	0	1	65535	111	0	10	4	0	1	0	0	1993	
四十路母	0	0	1	65535	65535	0	11	0	0	1	0	1	124	
nba2k12手机版百度图片	0	0	0	65535	211	0	0	0	0	0	0	0	1972	
后入式动态图	0	0	1	65535	65535	0	11	8	0	1	0	2	783	
男人看美女洗澡	0	1	1	65535	130	0	11	0	4	0	34	1	1969	
四房色播播图片	0	0	1	65535	65535	0	5	0	0	1	0	1	827	
阴唇	0	0	1	65535	141	0	11	10	0	1	0	2	1834	
男女格斗	0	0	1	65535	65535	0	11	0	0	1	0	0	1986	
做爱的全过程	0	0	1	65535	144	0	11	1	0	1	0	0	1984	
美女喝醉后被帅哥	0	0	0	65535	201	0	4	0	0	0	0	0	1991	
汉癍图片	0	0	0	65535	65535	0	1	0	1	0	2	0	1024	
新疆华凌集团老总米恩华照片	0	0	0	65535	65535	0	0	0	0	0	0	0	119	
把乳罩脱了我摸摸图片	0	0	0	65535	140	0	1	0	0	0	0	1	1998	
侯梦莎被轮奸图片图	0	0	1	65535	144	0	0	0	0	0	1	0	1927	
mm图片没有一点遮挡的	0	0	1	65535	201	0	11	4	0	1	0	0	1991	
第章 办公室里强干女秘书	0	0	1	65535	120	0	0	0	0	0	0	0	1344	
qq欧美男图	0	0	1	65535	65535	0	11	0	0	1	0	0	1990	
www.syy5图片	0	0	0	65535	252	0	0	0	1	0	6	0	1627	
性交全图	0	0	1	65535	144	0	4	3	0	1	0	0	1991	
亚洲黑丝	0	1	1	65535	140	0	11	0	8	0	192	1	1988	
日本动漫图片可爱	0	0	1	65535	52	0	11	0	0	1	0	0	1995	
原色影像阿本	0	0	0	65535	150	0	7	0	9	0	10	2	1999	
龚h菲新金瓶高清	0	1	1	65535	150	0	11	11	0	1	0	1	746	
吉杰 罗比威廉姆斯	0	0	0	65535	150	0	0	0	0	0	0	0	54	
美女人体艺术	0	0	1	65535	142	0	11	10	0	1	0	1	1997	
施瓦辛格全裸照曝光	0	0	0	65535	140	0	2	0	1	0	4	1	1250	
张敏美腿	0	1	1	65535	200	0	11	0	7	0	17	0	310	
台湾妹	0	0	1	65535	65535	0	11	5	0	1	0	0	1939	
人体动作	0	0	1	65535	141	0	11	0	0	1	0	0	1975	
全裸全裸做爱图片	0	0	1	65535	144	0	0	0	11	0	819	1	1975	
人体动作	0	0	1	65535	141	0	11	0	0	1	0	0	1969	
充气娃娃使用图片	0	0	1	65535	140	0	11	0	0	1	0	3	1971	
丝袜美女写真	0	1	1	65535	201	0	11	9	0	1	0	0	1994	
最新巨乳波霸	0	0	1	65535	141	0	11	0	8	0	27	1	1496	
美腿丝袜	0	0	1	65535	141	0	11	11	0	1	0	0	1997	
美女丝袜	0	1	1	65535	201	0	11	11	0	1	0	0	1998	
尤物	0	0	1	65535	201	0	11	9	0	1	0	1	1991	
美斯特豆浆机用法图	0	0	0	65535	65535	0	0	0	1	0	15	0	1963	
奉节三角坝小姐图片	0	0	0	65535	65535	0	2	0	0	0	0	0	161	
红合牡丹香烟	0	0	0	65535	221	0	0	0	0	0	0	0	1982	
33ppp图	0	1	1	65535	65535	0	0	0	11	0	57	0	1981	
美女下部艺术照	0	0	1	65535	111	0	11	6	0	1	0	1	1997	
美女下部艺术照	0	0	1	65535	111	0	11	5	0	1	0	1	1993	
全民精灵爆图谱	0	0	0	65535	65535	0	0	0	0	0	5	0	1794	
娱乐圈单眼皮mm	0	1	0	65535	201	0	0	0	6	0	16	0	1983	
逼痒痒想jj抽插吸我的大奶子	0	0	1	65535	141	0	0	0	0	0	0	2	714	
哥哥大肉棒插我嫩逼	0	0	1	65535	65535	0	0	0	0	0	0	0	2	
外阴图	0	0	1	65535	141	0	11	11	0	1	0	3	1975	
情趣内衣秀表演透明高清	0	1	1	65535	191	0	11	10	0	1	0	0	1171	
自拍偷拍-偷偷撸图片	0	0	1	65535	140	0	11	2	0	1	0	0	1985	
阴茎增大	0	0	1	65535	130	0	11	3	0	1	0	1	1970	
色色	0	0	1	65535	65535	0	11	9	0	1	0	1	1997	
晋源要子沟景区	0	0	0	65535	130	0	0	0	0	0	0	0	411	
美女大胆做爱人体图片	0	0	1	65535	141	0	11	0	0	1	0	4	1995	
埃博拉病毒病人图	0	0	1	65535	130	0	10	4	0	1	0	0	1771	
丝袜护士	0	1	1	65535	65535	0	11	11	0	1	0	1	1984	
偷拍美女如厕高清图	0	0	1	65535	140	0	11	1	0	1	0	0	1984	
胡湘湘的儿子	0	0	0	65535	142	0	0	0	0	0	0	0	122	
怎样性交	0	1	1	65535	144	0	11	9	0	1	0	0	1987	
tupian	0	1	1	65535	65535	0	11	11	0	1	0	0	1996	
黎明乐基儿床上图片	0	0	1	65535	150	0	0	0	1	0	1	0	1992	
国模ニ	0	0	1	65535	65535	0	3	0	1	0	1	0	806	
第四色性爱图片	0	0	1	65535	144	0	0	0	0	0	0	0	103	
成人性用品图示	0	0	1	65535	140	0	0	0	0	0	0	0	1987	
哺乳乳腺结构图	0	0	0	65535	130	0	0	0	2	0	15	0	1990	
约瑟翰庞麦郎	0	1	0	65535	65535	0	4	1	5	0	5	0	6	
曾译民真理大学图片	0	0	0	65535	271	0	1	0	2	0	2	0	8	
伊吹五月	0	1	1	65535	51	0	11	11	0	1	0	0	1932	
互通式立体交叉预告	0	1	0	65535	65535	0	11	0	7	0	19	0	1329	
中学女生下面凸点	0	0	0	65535	271	0	0	0	0	0	0	0	2000	
紧身牛仔裤少女	0	0	1	65535	120	0	11	0	0	1	0	0	1990	
情侣激情摸胸	0	0	1	65535	65535	0	6	0	1	0	56	1	1977	
车模不穿内裤露毛	0	1	1	65535	65535	0	2	0	6	0	20	0	355	
叶子楣巨乳图片	0	0	1	65535	141	0	0	0	8	0	34	0	203	
欧美天体海滩	0	0	1	65535	31	0	11	1	0	1	0	0	1955	
女人各种碌耐计	0	0	1	65535	201	0	11	0	0	0	1	1	1982	
呈贡站街女	0	0	1	65535	65535	0	0	0	0	0	1	0	1986	
夜店小姐	0	0	1	65535	140	0	11	10	0	1	0	1	1990	
妖者妖术艳照门	0	0	1	65535	140	0	0	0	0	0	0	0	1995	
齐岳与海如月日批图	0	0	0	65535	65535	0	0	0	0	0	0	0	176	
天海规划尚嵇镇规划图	0	0	0	65535	240	0	0	0	0	0	0	0	370	
金钟国撩大腿性感	0	0	0	65535	201	0	0	0	2	0	2	0	369	
美乳	0	0	1	65535	200	0	11	10	0	1	0	2	1999	
女生阴道	0	0	1	65535	141	0	11	10	0	1	0	1	1993	
exo元素美甲图	0	0	0	65535	192	0	0	0	0	0	0	0	1988	
深爱激情色	0	0	1	65535	144	0	0	0	1	0	38	0	1995	
逼逼高清图片图图	0	0	1	65535	65535	0	0	0	0	0	9	0	1988	
男男sm	0	0	1	65535	65535	0	11	1	0	1	0	1	1127	
日本公交车群p图	0	0	0	65535	20	0	1	0	1	0	1	0	589	
美女发春图	0	0	1	65535	144	0	11	1	0	1	0	0	990	
酒色	0	0	1	65535	200	0	11	6	0	1	0	0	1993	
性感美女	0	1	1	65535	201	0	11	11	0	1	0	1	1996	
欧美狠狠干美女图	0	0	1	65535	201	0	0	0	0	0	0	0	44	
陌陌头像	0	1	1	15	10	0	11	9	0	1	0	0	1943	
床上激情	0	0	1	65535	65535	0	11	9	0	1	0	2	1948	
黄昏老人老人房子美景图片	0	1	0	65535	180	1	0	0	0	0	0	0	1995	
女人被狂日	0	0	1	65535	111	0	1	0	0	0	2	0	709	
日本少妇寂寞时的裸照	0	0	1	65535	140	0	0	0	0	0	0	0	288	
美女吞精图片	0	0	1	65535	201	0	11	2	0	1	0	0	51	
优衣库无钢圈聚拢调整型文胸	0	0	0	65535	191	0	0	0	0	0	0	0	1534	
男人给女人囗交图片	0	0	1	65535	144	0	6	0	0	0	0	2	473	
男子看黄片发现男主角是自己	0	0	1	65535	140	0	0	0	3	0	3	0	828	
戴尔灵越17r 5537	0	0	0	65535	212	0	0	0	1	0	5	0	1985	
小马宝莉月亮公主似人图片	0	0	0	65535	40	0	0	0	0	0	0	0	1996	
色女图片	0	1	1	65535	65535	0	11	7	0	1	0	0	1982	
动漫射精	0	0	1	65535	144	0	11	0	0	1	0	1	1290	
雨后小故事邪恶动态图	0	1	1	65535	65535	0	11	9	0	1	0	0	385	
触手h	0	1	1	65535	80	0	11	8	0	1	0	0	1982	
电影区偷拍自拍	0	0	1	65535	140	0	5	0	0	0	0	0	1991	
百性阁	0	0	1	65535	65535	0	11	9	0	1	0	1	1200	
韩国英语女教师	0	1	1	65535	65535	0	5	0	7	0	70	0	1955	
全裸女人	0	0	1	65535	141	0	11	7	0	1	0	0	1988	
色女人图片大全	0	0	1	65535	111	0	11	4	0	1	0	1	1992	
奥铂拉拉	0	0	0	65535	65535	0	0	0	0	0	0	0	355	
做手机待机避邪图片	0	0	0	65535	211	0	0	0	1	0	1	0	860	
恋足片	0	0	1	65535	65535	0	7	0	0	0	0	0	131	
在公交车里干美女	0	0	0	65535	170	0	7	0	1	0	1	1	899	
霪霪网9797图片	0	0	1	65535	65535	0	2	0	0	0	0	0	1984	
少女高潮表情动态图片	0	0	1	65535	10	0	3	0	0	0	0	0	508	
辣图	0	0	1	65535	200	0	11	5	0	1	0	1	1985	
男性腋下淋巴结肿大	0	0	0	65535	130	0	7	0	2	0	8	1	1992	
性感牛仔裤美女 图	0	0	1	65535	201	0	11	0	0	1	0	0	1992	
短裙美女教师	0	0	1	65535	271	0	11	2	0	1	0	1	1990	
日本美女人人可怜的表情	0	0	1	65535	51	0	0	0	0	0	0	0	1992	
色戒梁朝伟汤唯真做吗	0	0	1	65535	65535	0	10	0	2	0	15	0	143	
齐腰长发扎发教程图解	0	0	0	65535	130	0	0	0	0	0	0	0	297	
下面流了好多水	0	1	1	65535	65535	0	7	0	5	0	19	0	1987	
美腿唯美透明壁纸	0	0	1	14	141	0	0	0	0	0	4	0	1992	
在办公室里做爱的图片	0	0	1	65535	144	0	3	0	0	0	2	1	1990	
人与狗交配图片	0	0	1	65535	144	0	11	3	0	1	0	1	1177	
后进式狂射	0	0	1	65535	65535	0	11	1	0	1	0	0	1149	
波多野结衣作品	0	1	1	65535	143	0	11	8	0	1	0	0	1997	
波多野结衣作品	0	0	1	65535	143	0	11	5	0	1	0	1	1986	
就去色姐姐图片	0	1	1	65535	65535	0	2	0	9	0	29	0	65	
欧美人体艺术 图片	0	0	1	65535	142	0	11	3	0	1	0	1	1989	
tokyohot夜夜撸图片	0	0	1	65535	65535	0	0	0	0	0	0	0	3	
美女下部最清楚的图片	0	0	1	65535	201	0	4	0	0	0	0	1	1997	
偷拍美女大便图	0	0	1	65535	200	0	11	0	0	1	0	1	1986	
内射美女图	0	0	1	65535	144	0	11	0	0	1	0	0	962	
何晴现任老公邓育坤 图片	0	1	0	65535	200	0	11	0	10	0	17	0	60	
房子呆顶图	0	0	0	65535	180	0	0	0	0	0	6	1	1996	
欧美性情交高[图图片图片图片	0	0	1	65535	65535	0	0	0	0	0	0	0	1	
女主播管碧玲	0	0	0	65535	65535	0	3	0	0	0	0	0	41	
手yin	0	1	1	65535	65535	0	8	0	11	0	213	0	1990	
换子成龙玉华床戏	0	0	0	65535	140	0	0	0	0	0	0	0	463	
巨乳	0	0	1	65535	141	0	11	11	0	1	0	0	1993	
比基尼美女热舞露胸	0	0	0	65535	201	0	1	0	1	0	6	2	1017	
明星性爱图	0	0	1	65535	144	0	11	2	0	1	0	0	1991	
乳罩	0	1	1	65535	200	0	11	9	0	1	0	0	1988	
男人裸体	0	0	1	65535	141	0	11	10	0	1	0	1	1986	
紧身裤美女	0	1	1	65535	201	0	11	11	0	1	0	1	1957	
黑.丝.足.交.图	0	1	0	65535	144	0	11	8	0	1	0	2	1999	
变身最强主播	0	0	0	65535	150	0	0	0	1	0	4	0	1993	
女大学生黑人放纵图	0	0	0	65535	65535	0	2	0	0	0	2	0	1995	
动漫淫荡少妇肉图	0	0	1	65535	144	0	0	0	0	0	0	1	1993	
康普力星小儿氨酚黄那敏颗粒	0	0	0	65535	221	0	3	0	2	0	14	0	1994	
宇宙星神莉莉黄图	0	0	1	65535	40	0	0	0	0	0	0	0	213	
露西皮德尔皇家袒胸图	0	0	1	65535	65535	0	11	6	0	1	0	1	75	
思阜面膜	0	1	0	65535	192	0	0	0	8	0	16	0	105	
瑟瑟瑟瑟涩爱图片	0	0	1	65535	65535	0	0	0	0	0	2	0	1792	
小情侣宾馆激情图片	0	0	1	65535	140	0	0	0	4	0	12	1	1002	
沙西米电影	0	1	0	65535	101	0	11	0	4	0	9	0	975	
怒草冷冷黑木耳	0	0	0	65535	90	0	0	0	0	0	0	0	1998	
日本国民美少女	0	0	1	65535	150	0	11	5	0	1	0	0	1870	
天将降大任与斯人也纹身	0	0	0	65535	192	0	2	0	1	0	1	0	361	
会长是女仆大人h	0	0	1	65535	52	0	11	2	0	1	0	1	1985	
齐b小短裙事件图片	0	1	1	65535	65535	0	11	9	0	1	0	0	1991	
女明星被扒衣露胸	0	1	1	65535	150	0	0	0	11	0	60	0	342	
中华人艺术	0	0	1	65535	65535	0	0	0	4	0	24	0	1990	
冯仲科女学生	0	0	1	65535	271	0	4	0	2	0	2	0	234	
陌陌符号图案大全	0	0	0	65535	111	0	11	0	1	0	7	0	1973	
逆战死亡觉醒图片	0	0	0	65535	20	0	11	0	0	0	7	0	702	
散花菜的做法	0	1	0	65535	101	0	1	0	7	0	11	0	54	
妇女洗澡遭人偷拍图片	0	0	1	65535	140	0	0	0	0	0	0	0	1992	
少女私处洞穴图片	0	0	1	65535	141	0	8	0	0	0	0	1	599	
男女性爱下体抽插图	0	0	1	65535	140	0	0	0	0	0	0	0	2000	
美女嫩逼流水图片	0	0	1	65535	113	0	1	0	0	0	0	3	60	
山本美月av	0	0	0	65535	144	0	1	0	0	0	2	0	1991	
叶长芳	0	0	0	65535	90	0	0	0	5	0	16	0	1999	
逃离大厦34关祥细图解	0	0	0	65535	32	0	0	0	0	0	0	0	1999	
露臀美女图片	0	0	1	65535	201	0	11	0	0	1	0	2	1984	
性交姿势图片	0	0	1	65535	144	0	11	6	0	1	0	0	1995	
性交姿势图片	0	1	1	65535	144	0	11	10	0	1	0	0	1979	
威海高区哪有卖防盗门的	0	0	0	65535	130	0	0	0	0	0	0	0	258	
av小次郎	0	1	0	65535	144	0	11	4	0	1	0	0	475	
皮鞭女王露点	0	0	1	65535	140	0	3	0	0	0	0	1	1013	
漫画h图	0	0	1	65535	140	0	11	1	0	1	0	0	279	
全屏黑头像	0	0	0	15	10	0	0	0	2	0	19	1	1995	
交配人工图	0	1	1	65535	144	0	9	0	11	0	202	0	1982	
张檬男人装写真	0	0	0	65535	201	0	7	0	1	0	3	0	1139	
蹂躏	0	0	1	65535	65535	0	11	10	0	1	0	2	1987	
高跟诱惑	0	1	1	65535	65535	0	11	8	0	1	0	0	1961	
强奸图	0	0	1	65535	144	0	11	11	0	1	0	2	1985	
欧美女人的阴性图片	0	0	1	65535	201	0	10	1	0	1	0	1	1993	
老公不让我在家穿内衣	0	0	0	65535	200	0	0	0	0	0	0	0	1472	
寒山潜龙长胜老婆	0	0	0	65535	200	0	0	0	2	0	2	0	680	
厕所干和服美女	0	0	1	65535	201	0	0	0	0	0	0	2	1998	
胜杨童装	0	1	0	65535	65535	0	0	0	10	0	11	0	18	
漫画h图	0	0	1	65535	140	0	11	1	0	1	0	0	278	
少女乳房图	0	0	1	65535	141	0	11	8	0	1	0	1	1975	
爱色网图片	0	1	1	65535	65535	0	2	0	11	0	379	0	332	
美女体图片图	0	1	1	65535	201	0	11	11	0	1	0	1	1981	
绿巨人 黑寡妇 gif	0	0	0	65535	65535	0	11	0	0	0	1	0	240	
周星驰刘诗诗美人鱼	0	0	0	65535	150	0	0	0	0	0	0	0	1991	
美女艳照	0	1	1	65535	200	0	11	10	0	1	0	0	1980	
美女脱衣诱惑	0	0	1	65535	200	0	11	1	0	1	0	1	1973	
嫂子的裤袜	0	0	1	65535	65535	0	11	0	0	1	0	0	1995	
动漫男产卵触手	0	0	0	65535	50	0	8	1	0	0	3	0	1999	
男人正面全裸	0	0	1	65535	141	0	11	0	0	1	0	3	1984	
邪恶漫画之老师的爱图	0	0	1	65535	50	0	5	0	0	0	0	0	1997	
强奸	0	0	1	65535	144	0	11	11	0	1	0	3	1999	
宾之郎	0	0	1	65535	65535	0	11	2	0	1	0	0	989	
内衣美女图片	0	1	1	65535	191	0	11	8	0	1	0	0	1975	
发 面部通红 表情	0	0	0	65535	130	0	0	0	0	0	0	0	1991	
欧美最大胆女性人体	0	0	1	65535	141	0	11	0	0	1	0	0	1987	
沈阳婚礼接亲主持人	0	0	0	65535	65535	0	0	0	0	0	0	0	1996	
男女床照	0	0	1	65535	200	0	11	3	0	1	0	2	1983	
宾之郎	0	0	1	65535	65535	0	11	1	0	1	0	0	989	
性感丰满美女	0	0	1	65535	201	0	11	9	0	1	0	1	1997	
性感丰满美女	0	1	1	65535	201	0	11	10	0	1	0	0	1984	
闫宇恒的照片	0	0	0	65535	65535	0	0	0	5	0	8	0	398	
疾控天使照片	0	0	0	65535	65535	0	0	0	5	0	16	0	2000	
女人的屁股	0	1	1	65535	130	0	11	11	0	1	0	1	1968	
玻璃刀的使用方法图解	0	0	0	65535	65535	0	0	0	0	0	19	0	1990	
被劈过的张檬照片	0	0	0	65535	111	0	0	0	0	0	0	0	626	
欧美风图片	0	1	1	65535	65535	0	11	11	0	1	0	0	1975	
美女吊带丝袜诱惑	0	0	1	65535	201	0	11	0	0	0	23	0	1979	
狠狠鲁姓爱图片	0	0	1	65535	65535	0	0	0	0	0	0	0	379	
广东叶家九大将军	0	0	0	65535	60	0	1	0	0	0	0	0	7	
夫妻性爱	0	0	1	65535	144	0	11	4	0	1	0	2	1974	
女性生植r照片	0	0	1	65535	65535	0	11	2	0	1	0	0	1978	
性色激辣动态图	0	0	0	65535	65535	0	2	0	0	0	0	0	1998	
张筱雨人体	0	0	1	65535	141	0	11	10	0	1	0	3	1992	
carlyrae jepsen艳照	0	0	1	65535	140	0	0	0	3	0	6	0	492	
外国美女做爱图	0	0	1	65535	144	0	11	0	0	0	133	2	1990	
日本做爱	0	0	1	65535	144	0	11	10	0	1	0	1	1985	
波多野吉自蔚图片图	0	0	1	65535	143	0	11	0	0	1	0	2	1992	
女子校生巨乳	0	0	1	65535	141	0	11	0	0	1	0	0	420	
性交图片	0	0	1	65535	144	0	11	11	0	1	0	3	1998	
色吧图片	0	0	1	65535	65535	0	11	4	0	1	0	0	1992	
摸b门	0	0	1	65535	200	0	6	0	8	0	36	2	154	
臀丝	0	0	1	65535	141	0	11	1	0	1	0	2	965	
裸照	0	0	1	65535	140	0	11	10	0	1	0	4	2000	
贾斯丁比伯被打	0	1	0	65535	200	0	7	0	5	0	19	0	1998	
入珠 图片	0	1	1	65535	130	0	11	7	0	1	0	0	1985	
打野战	0	1	1	65535	60	0	11	11	0	1	0	1	1958	
女人阴	0	0	1	65535	201	0	11	3	0	1	0	0	1989	
女生后脑勺剃头发型图案	0	0	0	65535	111	0	8	0	0	0	0	0	1635	
大波少女	0	0	1	65535	141	0	11	0	0	1	0	1	1997	
激情	0	0	1	65535	65535	0	10	8	0	1	0	1	1983	
床戏图片	0	0	1	65535	140	0	10	7	0	1	0	1	1929	
欧美激情少妇15p图片	0	0	1	65535	141	0	1	0	0	0	0	1	1976	
索尼微单nex7和a6000 图	0	0	0	65535	212	0	0	0	1	0	7	0	381	
美女孙子怡	0	0	0	65535	201	0	0	0	0	0	1	0	1984	
裸体模待全身艳色	0	0	1	65535	141	0	4	0	0	1	0	0	1983	
少妇搞逼图片	0	0	1	65535	141	0	0	0	0	0	25	1	449	
好痒	0	0	1	65535	130	0	11	1	0	1	0	0	1951	
手淫	0	1	1	65535	144	0	11	11	0	1	0	1	1997	
帅哥被送进净身房	0	0	1	65535	180	0	1	0	0	0	0	0	7	
av男优	0	1	1	65535	144	0	11	9	0	1	0	0	1993	
性交gif动态图	0	0	1	65535	144	0	11	0	0	1	0	2	199	
动态春宫图	0	0	1	65535	140	0	2	0	2	0	2	0	21	
宋松孙克杰的相片	0	0	0	65535	65535	0	0	0	0	0	0	0	1	
美女性爱图	0	0	1	65535	144	0	11	10	0	1	0	1	1981	
3p	0	0	1	65535	144	0	11	8	0	1	0	5	1999	
日本美女裸体泡澡	0	0	1	65535	141	0	11	1	1	0	12	3	1989	
丁香九月	0	1	1	65535	90	0	1	0	8	0	44	0	1997	
南海路公园	0	0	0	65535	31	0	0	0	0	0	6	0	1703	
少妇致命诱惑图片	0	0	1	65535	252	0	11	0	9	0	44	2	1002	
制服装惑之禁欲图图	0	0	1	65535	191	0	8	1	1	0	1	0	167	
人体色图片大全大图图	0	0	1	65535	140	0	11	3	0	1	0	1	1995	
	0	0	1	65535	65535	0	11	1	0	1	0	0	1989	
性文化	0	1	1	65535	65535	0	11	11	0	1	0	0	1455	
俄罗斯人体性艺图片 图	0	0	1	65535	141	0	11	3	0	1	0	1	1994	
石女清晰生殖器图	0	0	1	65535	141	0	0	0	0	0	0	0	505	
江阴大观园	0	1	0	65535	32	0	3	0	10	0	18	0	652	
裸聊门	0	0	1	65535	65535	0	11	6	0	1	0	1	952	
奇米第四色图片婷婷	0	0	0	65535	140	0	0	0	0	0	0	0	122	
女人口交	0	1	1	65535	144	0	11	7	0	1	0	0	1983	
吸血鬼骑士之圣女	0	0	0	65535	52	0	0	0	0	0	10	0	1995	
好骚	0	0	1	65535	200	0	11	1	0	1	0	0	1996	
强奸大学女学生	0	1	1	65535	144	0	1	0	4	0	31	0	1992	
三十九周胎儿入盆图	0	0	0	65535	130	0	3	0	1	0	5	0	1993	
石家庄裕华区左红江图片	0	0	0	65535	65535	0	4	0	2	0	2	0	14	
增大阴茎	0	0	1	65535	130	0	11	2	0	1	0	0	1954	
天天色综和合图片	0	0	0	65535	272	0	1	0	0	0	0	0	1082	
浪漫传说赫菲和小爱的合体图片	0	1	0	65535	65535	0	1	0	11	0	13	0	61	
史上最萌小帅哥	0	0	0	65535	201	0	0	0	3	0	10	0	1083	
traveling light吉他谱	0	1	0	65535	144	0	11	1	9	0	19	0	1978	
性快感	0	1	1	65535	65535	0	11	9	0	1	0	0	1974	
偷拍女性真实自蔚图	0	0	1	65535	140	0	0	0	0	0	1	0	1995	
男男	0	0	1	65535	52	0	11	11	0	1	0	2	1961	
做爱美女图片	0	0	1	65535	144	0	11	7	0	1	0	1	1970	
丝袜人体	0	0	1	65535	141	0	11	9	0	1	0	1	1982	
操逼	0	0	1	65535	144	0	11	11	0	1	0	3	592	
男人和女人床全过程图	0	0	1	65535	130	0	1	0	0	1	0	0	499	
大波美女咪咪头 图片	0	0	1	65535	141	0	0	0	0	0	0	0	699	
震动棒	0	1	1	65535	65535	0	11	9	0	1	0	0	1975	
中国乳神王李丹妮性感照	0	0	1	65535	141	0	0	0	0	0	0	1	1034	
激情色五月图片	0	0	1	65535	144	0	11	0	0	1	0	0	1997	
she组合中烧伤图片	0	0	0	65535	130	0	3	0	0	0	0	0	907	
丝袜美少女图片	0	0	1	65535	65535	0	11	3	0	1	0	1	1999	
低胸晚礼服	0	0	1	65535	200	0	11	1	0	1	0	0	1988	
昆明小姐快餐过夜电话照片	0	0	1	65535	65535	0	0	0	0	0	0	0	1996	
十大美女身图片	0	0	0	65535	200	0	0	0	2	0	14	0	1996	
工体夜店	0	0	1	65535	272	0	11	5	0	1	0	0	1993	
齐秦年轻金发金发照片	0	0	0	65535	111	0	0	0	0	0	0	0	116	
按压乳头	0	0	1	65535	141	0	3	0	6	0	91	1	1979	
mm换丝袜	0	0	1	65535	201	0	11	0	0	1	0	0	1113	
武测天	0	1	1	65535	65535	0	3	0	11	0	2004	0	1998	
泳裤	0	0	1	65535	191	0	11	6	0	1	0	0	1944	
男同体	0	1	0	65535	144	0	11	2	0	1	0	0	1988	
情色九月天图片	0	1	1	65535	144	0	7	0	10	0	51	0	237	
